Index	Level	BuffDiscription	ModelId	UColor	Usize	MagicAttrType_6_0	MagicAttrValue_6_0	MagicAttrType_6_1	MagicAttrValue_6_1	MagicAttrType_6_2	MagicAttrValue_6_2	MagicAttrType_6_3	MagicAttrValue_6_3	MagicAttrType_6_4	MagicAttrValue_6_4	MagicAttrType_6_5	MagicAttrValue_6_5
1001	1	武力值增加6点	0	0	1	3	6	0	0	0	0	0	0	0	0	0	0
1001	2	武力值增加18点	0	0	1	3	18	0	0	0	0	0	0	0	0	0	0
1001	3	武力值增加40点	0	0	1	3	40	0	0	0	0	0	0	0	0	0	0
1001	4	武力值增加75点	0	0	1	3	75	0	0	0	0	0	0	0	0	0	0
1001	5	武力值增加125点	0	0	1	3	125	0	0	0	0	0	0	0	0	0	0
1001	6	武力值增加200点	0	0	1	3	200	0	0	0	0	0	0	0	0	0	0
1001	7	武力值增加320点	0	0	1	3	320	0	0	0	0	0	0	0	0	0	0
1001	8	武力值增加480点	0	0	1	3	480	0	0	0	0	0	0	0	0	0	0
1001	9	武力值增加800点	0	0	1	3	800	0	0	0	0	0	0	0	0	0	0
1001	10	武力值增加1200点	0	0	1	3	1200	0	0	0	0	0	0	0	0	0	0
1002	1	反击伤害增加10%	0	0	1	78	1000	0	0	0	0	0	0	0	0	0	0
1002	2	反击伤害增加20%	0	0	1	78	2000	0	0	0	0	0	0	0	0	0	0
1002	3	反击伤害增加30%	0	0	1	78	3000	0	0	0	0	0	0	0	0	0	0
1002	4	反击伤害增加40%	0	0	1	78	4000	0	0	0	0	0	0	0	0	0	0
1002	5	反击伤害增加50%	0	0	1	78	5000	0	0	0	0	0	0	0	0	0	0
1002	6	反击伤害增加60%	0	0	1	78	6000	0	0	0	0	0	0	0	0	0	0
1002	7	反击伤害增加70%	0	0	1	78	7000	0	0	0	0	0	0	0	0	0	0
1002	8	反击伤害增加80%	0	0	1	78	8000	0	0	0	0	0	0	0	0	0	0
1002	9	反击伤害增加90%	0	0	1	78	9000	0	0	0	0	0	0	0	0	0	0
1002	10	反击伤害增加100%	0	0	1	78	10000	0	0	0	0	0	0	0	0	0	0
1003	1	生命值上限增加30点	0	0	1	41	30	0	0	0	0	0	0	0	0	0	0
1003	2	生命值上限增加90点	0	0	1	41	90	0	0	0	0	0	0	0	0	0	0
1003	3	生命值上限增加200点	0	0	1	41	200	0	0	0	0	0	0	0	0	0	0
1003	4	生命值上限增加375点	0	0	1	41	375	0	0	0	0	0	0	0	0	0	0
1003	5	生命值上限增加625点	0	0	1	41	625	0	0	0	0	0	0	0	0	0	0
1003	6	生命值上限增加1000点	0	0	1	41	1000	0	0	0	0	0	0	0	0	0	0
1003	7	生命值上限增加1600点	0	0	1	41	1600	0	0	0	0	0	0	0	0	0	0
1003	8	生命值上限增加2400点	0	0	1	41	2400	0	0	0	0	0	0	0	0	0	0
1003	9	生命值上限增加4000点	0	0	1	41	4000	0	0	0	0	0	0	0	0	0	0
1003	10	生命值上限增加6000点	0	0	1	41	6000	0	0	0	0	0	0	0	0	0	0
1004	1	受到攻击增加5点杀气	0	0	1	0	0	0	0	0	0	0	0	0	0	0	0
1004	2	受到攻击增加9点杀气	0	0	1	0	0	0	0	0	0	0	0	0	0	0	0
1004	3	受到攻击增加13点杀气	0	0	1	0	0	0	0	0	0	0	0	0	0	0	0
1004	4	受到攻击增加17点杀气	0	0	1	0	0	0	0	0	0	0	0	0	0	0	0
1004	5	受到攻击增加21点杀气	0	0	1	0	0	0	0	0	0	0	0	0	0	0	0
1004	6	受到攻击增加25点杀气	0	0	1	0	0	0	0	0	0	0	0	0	0	0	0
1004	7	受到攻击增加29点杀气	0	0	1	0	0	0	0	0	0	0	0	0	0	0	0
1004	8	受到攻击增加33点杀气	0	0	1	0	0	0	0	0	0	0	0	0	0	0	0
1004	9	受到攻击增加37点杀气	0	0	1	0	0	0	0	0	0	0	0	0	0	0	0
1004	10	受到攻击增加41点杀气	0	0	1	0	0	0	0	0	0	0	0	0	0	0	0
1005	1	攻击力增加6点	0	0	1	45	6	0	0	0	0	0	0	0	0	0	0
1005	2	攻击力增加18点	0	0	1	45	18	0	0	0	0	0	0	0	0	0	0
1005	3	攻击力增加40点	0	0	1	45	40	0	0	0	0	0	0	0	0	0	0
1005	4	攻击力增加75点	0	0	1	45	75	0	0	0	0	0	0	0	0	0	0
1005	5	攻击力增加125点	0	0	1	45	125	0	0	0	0	0	0	0	0	0	0
1005	6	攻击力增加200点	0	0	1	45	200	0	0	0	0	0	0	0	0	0	0
1005	7	攻击力增加320点	0	0	1	45	320	0	0	0	0	0	0	0	0	0	0
1005	8	攻击力增加480点	0	0	1	45	480	0	0	0	0	0	0	0	0	0	0
1005	9	攻击力增加800点	0	0	1	45	800	0	0	0	0	0	0	0	0	0	0
1005	10	攻击力增加1200点	0	0	1	45	1200	0	0	0	0	0	0	0	0	0	0
1006	1	抵挡值增加6点	0	0	1	20	6	0	0	0	0	0	0	0	0	0	0
1006	2	抵挡值增加18点	0	0	1	20	18	0	0	0	0	0	0	0	0	0	0
1006	3	抵挡值增加40点	0	0	1	20	40	0	0	0	0	0	0	0	0	0	0
1006	4	抵挡值增加75点	0	0	1	20	75	0	0	0	0	0	0	0	0	0	0
1006	5	抵挡值增加125点	0	0	1	20	125	0	0	0	0	0	0	0	0	0	0
1006	6	抵挡值增加200点	0	0	1	20	200	0	0	0	0	0	0	0	0	0	0
1006	7	抵挡值增加320点	0	0	1	20	320	0	0	0	0	0	0	0	0	0	0
1006	8	抵挡值增加480点	0	0	1	20	480	0	0	0	0	0	0	0	0	0	0
1006	9	抵挡值增加800点	0	0	1	20	800	0	0	0	0	0	0	0	0	0	0
1006	10	抵挡值增加1200点	0	0	1	20	1200	0	0	0	0	0	0	0	0	0	0
1007	1	统领值增加6点	0	0	1	7	6	0	0	0	0	0	0	0	0	0	0
1007	2	统领值增加18点	0	0	1	7	18	0	0	0	0	0	0	0	0	0	0
1007	3	统领值增加40点	0	0	1	7	40	0	0	0	0	0	0	0	0	0	0
1007	4	统领值增加75点	0	0	1	7	75	0	0	0	0	0	0	0	0	0	0
1007	5	统领值增加125点	0	0	1	7	125	0	0	0	0	0	0	0	0	0	0
1007	6	统领值增加200点	0	0	1	7	200	0	0	0	0	0	0	0	0	0	0
1007	7	统领值增加320点	0	0	1	7	320	0	0	0	0	0	0	0	0	0	0
1007	8	统领值增加480点	0	0	1	7	480	0	0	0	0	0	0	0	0	0	0
1007	9	统领值增加800点	0	0	1	7	800	0	0	0	0	0	0	0	0	0	0
1007	10	统领值增加1200点	0	0	1	7	1200	0	0	0	0	0	0	0	0	0	0
1008	1	生命值上限增加30点	0	0	1	41	30	0	0	0	0	0	0	0	0	0	0
1008	2	生命值上限增加90点	0	0	1	41	90	0	0	0	0	0	0	0	0	0	0
1008	3	生命值上限增加200点	0	0	1	41	200	0	0	0	0	0	0	0	0	0	0
1008	4	生命值上限增加375点	0	0	1	41	375	0	0	0	0	0	0	0	0	0	0
1008	5	生命值上限增加625点	0	0	1	41	625	0	0	0	0	0	0	0	0	0	0
1008	6	生命值上限增加1000点	0	0	1	41	1000	0	0	0	0	0	0	0	0	0	0
1008	7	生命值上限增加1600点	0	0	1	41	1600	0	0	0	0	0	0	0	0	0	0
1008	8	生命值上限增加2400点	0	0	1	41	2400	0	0	0	0	0	0	0	0	0	0
1008	9	生命值上限增加4000点	0	0	1	41	4000	0	0	0	0	0	0	0	0	0	0
1008	10	生命值上限增加6000点	0	0	1	41	6000	0	0	0	0	0	0	0	0	0	0
1009	1	攻击力增加6点	0	0	1	45	6	0	0	0	0	0	0	0	0	0	0
1009	2	攻击力增加18点	0	0	1	45	18	0	0	0	0	0	0	0	0	0	0
1009	3	攻击力增加40点	0	0	1	45	40	0	0	0	0	0	0	0	0	0	0
1009	4	攻击力增加75点	0	0	1	45	75	0	0	0	0	0	0	0	0	0	0
1009	5	攻击力增加125点	0	0	1	45	125	0	0	0	0	0	0	0	0	0	0
1009	6	攻击力增加200点	0	0	1	45	200	0	0	0	0	0	0	0	0	0	0
1009	7	攻击力增加320点	0	0	1	45	320	0	0	0	0	0	0	0	0	0	0
1009	8	攻击力增加480点	0	0	1	45	480	0	0	0	0	0	0	0	0	0	0
1009	9	攻击力增加800点	0	0	1	45	800	0	0	0	0	0	0	0	0	0	0
1009	10	攻击力增加1200点	0	0	1	45	1200	0	0	0	0	0	0	0	0	0	0
1010	1	统领值增加6点	0	0	1	7	6	0	0	0	0	0	0	0	0	0	0
1010	2	统领值增加18点	0	0	1	7	18	0	0	0	0	0	0	0	0	0	0
1010	3	统领值增加40点	0	0	1	7	40	0	0	0	0	0	0	0	0	0	0
1010	4	统领值增加75点	0	0	1	7	75	0	0	0	0	0	0	0	0	0	0
1010	5	统领值增加125点	0	0	1	7	125	0	0	0	0	0	0	0	0	0	0
1010	6	统领值增加200点	0	0	1	7	200	0	0	0	0	0	0	0	0	0	0
1010	7	统领值增加320点	0	0	1	7	320	0	0	0	0	0	0	0	0	0	0
1010	8	统领值增加480点	0	0	1	7	480	0	0	0	0	0	0	0	0	0	0
1010	9	统领值增加800点	0	0	1	7	800	0	0	0	0	0	0	0	0	0	0
1010	10	统领值增加1200点	0	0	1	7	1200	0	0	0	0	0	0	0	0	0	0
1011	1	helloworld\nhelloworld	0	0	1	1047	200	0	0	0	0	0	0	0	0	0	0
1011	2	helloworld\nhelloworld	0	0	1	1047	300	0	0	0	0	0	0	0	0	0	0
1011	3	helloworld\nhelloworld	0	0	1	1047	400	0	0	0	0	0	0	0	0	0	0
1011	4	helloworld\nhelloworld	0	0	1	1047	500	0	0	0	0	0	0	0	0	0	0
1011	5	helloworld\nhelloworld	0	0	1	1047	600	0	0	0	0	0	0	0	0	0	0
1011	6	helloworld\nhelloworld	0	0	1	1047	700	0	0	0	0	0	0	0	0	0	0
1011	7	helloworld\nhelloworld	0	0	1	1047	800	0	0	0	0	0	0	0	0	0	0
1011	8	helloworld\nhelloworld	0	0	1	1047	900	0	0	0	0	0	0	0	0	0	0
1011	9	helloworld\nhelloworld	0	0	1	1047	1000	0	0	0	0	0	0	0	0	0	0
1011	10	helloworld\nhelloworld	0	0	1	1047	1100	0	0	0	0	0	0	0	0	0	0
1012	1	helloworld\nhelloworld	0	0	1	56	10	0	0	0	0	0	0	0	0	0	0
1012	2	helloworld\nhelloworld	0	0	1	56	10	0	0	0	0	0	0	0	0	0	0
1012	3	helloworld\nhelloworld	0	0	1	56	10	0	0	0	0	0	0	0	0	0	0
1012	4	helloworld\nhelloworld	0	0	1	56	10	0	0	0	0	0	0	0	0	0	0
1012	5	helloworld\nhelloworld	0	0	1	56	10	0	0	0	0	0	0	0	0	0	0
1012	6	helloworld\nhelloworld	0	0	1	56	10	0	0	0	0	0	0	0	0	0	0
1012	7	helloworld\nhelloworld	0	0	1	56	10	0	0	0	0	0	0	0	0	0	0
1012	8	helloworld\nhelloworld	0	0	1	56	10	0	0	0	0	0	0	0	0	0	0
1012	9	helloworld\nhelloworld	0	0	1	56	10	0	0	0	0	0	0	0	0	0	0
1012	10	helloworld\nhelloworld	0	0	1	56	10	0	0	0	0	0	0	0	0	0	0
2001	1	敏捷增加6点	0	0	1	4	6	0	0	0	0	0	0	0	0	0	0
2001	2	敏捷增加18点	0	0	1	4	18	0	0	0	0	0	0	0	0	0	0
2001	3	敏捷增加40点	0	0	1	4	40	0	0	0	0	0	0	0	0	0	0
2001	4	敏捷增加75点	0	0	1	4	75	0	0	0	0	0	0	0	0	0	0
2001	5	敏捷增加125点	0	0	1	4	125	0	0	0	0	0	0	0	0	0	0
2001	6	敏捷增加200点	0	0	1	4	200	0	0	0	0	0	0	0	0	0	0
2001	7	敏捷增加320点	0	0	1	4	320	0	0	0	0	0	0	0	0	0	0
2001	8	敏捷增加480点	0	0	1	4	480	0	0	0	0	0	0	0	0	0	0
2001	9	敏捷增加800点	0	0	1	4	800	0	0	0	0	0	0	0	0	0	0
2001	10	敏捷增加1200点	0	0	1	4	1200	0	0	0	0	0	0	0	0	0	0
2002	1	反击率增加6%	0	0	1	1086	600	0	0	0	0	0	0	0	0	0	0
2002	2	反击率增加12%	0	0	1	1086	1200	0	0	0	0	0	0	0	0	0	0
2002	3	反击率增加18%	0	0	1	1086	1800	0	0	0	0	0	0	0	0	0	0
2002	4	反击率增加24%	0	0	1	1086	2400	0	0	0	0	0	0	0	0	0	0
2002	5	反击率增加30%	0	0	1	1086	3000	0	0	0	0	0	0	0	0	0	0
2002	6	反击率增加36%	0	0	1	1086	3600	0	0	0	0	0	0	0	0	0	0
2002	7	反击率增加42%	0	0	1	1086	4200	0	0	0	0	0	0	0	0	0	0
2002	8	反击率增加48%	0	0	1	1086	4800	0	0	0	0	0	0	0	0	0	0
2002	9	反击率增加54%	0	0	1	1086	5400	0	0	0	0	0	0	0	0	0	0
2002	10	反击率增加60%	0	0	1	1086	6000	0	0	0	0	0	0	0	0	0	0
2003	1	闪避值增加6点	0	0	1	18	6	0	0	0	0	0	0	0	0	0	0
2003	2	闪避值增加18点	0	0	1	18	18	0	0	0	0	0	0	0	0	0	0
2003	3	闪避值增加40点	0	0	1	18	40	0	0	0	0	0	0	0	0	0	0
2003	4	闪避值增加75点	0	0	1	18	75	0	0	0	0	0	0	0	0	0	0
2003	5	闪避值增加125点	0	0	1	18	125	0	0	0	0	0	0	0	0	0	0
2003	6	闪避值增加200点	0	0	1	18	200	0	0	0	0	0	0	0	0	0	0
2003	7	闪避值增加320点	0	0	1	18	320	0	0	0	0	0	0	0	0	0	0
2003	8	闪避值增加480点	0	0	1	18	480	0	0	0	0	0	0	0	0	0	0
2003	9	闪避值增加800点	0	0	1	18	800	0	0	0	0	0	0	0	0	0	0
2003	10	闪避值增加1200点	0	0	1	18	1200	0	0	0	0	0	0	0	0	0	0
2004	1	成功闪避攻击获得8的怒气	0	0	1	0	0	0	0	0	0	0	0	0	0	0	0
2004	2	成功闪避攻击获得14的怒气	0	0	1	0	0	0	0	0	0	0	0	0	0	0	0
2004	3	成功闪避攻击获得20的怒气	0	0	1	0	0	0	0	0	0	0	0	0	0	0	0
2004	4	成功闪避攻击获得26的怒气	0	0	1	0	0	0	0	0	0	0	0	0	0	0	0
2004	5	成功闪避攻击获得32的怒气	0	0	1	0	0	0	0	0	0	0	0	0	0	0	0
2004	6	成功闪避攻击获得38的怒气	0	0	1	0	0	0	0	0	0	0	0	0	0	0	0
2004	7	成功闪避攻击获得44的怒气	0	0	1	0	0	0	0	0	0	0	0	0	0	0	0
2004	8	成功闪避攻击获得50的怒气	0	0	1	0	0	0	0	0	0	0	0	0	0	0	0
2004	9	成功闪避攻击获得56的怒气	0	0	1	0	0	0	0	0	0	0	0	0	0	0	0
2004	10	成功闪避攻击获得62的怒气	0	0	1	0	0	0	0	0	0	0	0	0	0	0	0
2005	1	暴击值增加6点	0	0	1	14	6	0	0	0	0	0	0	0	0	0	0
2005	2	暴击值增加18点	0	0	1	14	18	0	0	0	0	0	0	0	0	0	0
2005	3	暴击值增加40点	0	0	1	14	40	0	0	0	0	0	0	0	0	0	0
2005	4	暴击值增加75点	0	0	1	14	75	0	0	0	0	0	0	0	0	0	0
2005	5	暴击值增加125点	0	0	1	14	125	0	0	0	0	0	0	0	0	0	0
2005	6	暴击值增加200点	0	0	1	14	200	0	0	0	0	0	0	0	0	0	0
2005	7	暴击值增加320点	0	0	1	14	320	0	0	0	0	0	0	0	0	0	0
2005	8	暴击值增加480点	0	0	1	14	480	0	0	0	0	0	0	0	0	0	0
2005	9	暴击值增加800点	0	0	1	14	800	0	0	0	0	0	0	0	0	0	0
2005	10	暴击值增加1200点	0	0	1	14	1200	0	0	0	0	0	0	0	0	0	0
2006	1	准确值增加6点	0	0	1	21	6	0	0	0	0	0	0	0	0	0	0
2006	2	准确值增加18点	0	0	1	21	18	0	0	0	0	0	0	0	0	0	0
2006	3	准确值增加40点	0	0	1	21	40	0	0	0	0	0	0	0	0	0	0
2006	4	准确值增加75点	0	0	1	21	75	0	0	0	0	0	0	0	0	0	0
2006	5	准确值增加125点	0	0	1	21	125	0	0	0	0	0	0	0	0	0	0
2006	6	准确值增加200点	0	0	1	21	200	0	0	0	0	0	0	0	0	0	0
2006	7	准确值增加320点	0	0	1	21	320	0	0	0	0	0	0	0	0	0	0
2006	8	准确值增加480点	0	0	1	21	480	0	0	0	0	0	0	0	0	0	0
2006	9	准确值增加800点	0	0	1	21	800	0	0	0	0	0	0	0	0	0	0
2006	10	准确值增加1200点	0	0	1	21	1200	0	0	0	0	0	0	0	0	0	0
2007	1	全体暴击值增加3点,闪避值增加3点	0	0	1	14	3	18	3	0	0	0	0	0	0	0	0
2007	2	全体暴击值增加9点,闪避值增加9点	0	0	1	14	9	18	9	0	0	0	0	0	0	0	0
2007	3	全体暴击值增加20点,闪避值增加20点	0	0	1	14	20	18	20	0	0	0	0	0	0	0	0
2007	4	全体暴击值增加38点,闪避值增加38点	0	0	1	14	38	18	38	0	0	0	0	0	0	0	0
2007	5	全体暴击值增加63点,闪避值增加63点	0	0	1	14	63	18	63	0	0	0	0	0	0	0	0
2007	6	全体暴击值增加100点,闪避值增加100点	0	0	1	14	100	18	100	0	0	0	0	0	0	0	0
2007	7	全体暴击值增加160点,闪避值增加160点	0	0	1	14	160	18	160	0	0	0	0	0	0	0	0
2007	8	全体暴击值增加240点,闪避值增加240点	0	0	1	14	240	18	240	0	0	0	0	0	0	0	0
2007	9	全体暴击值增加400点,闪避值增加400点	0	0	1	14	400	18	400	0	0	0	0	0	0	0	0
2007	10	全体暴击值增加600点,闪避值增加600点	0	0	1	14	600	18	600	0	0	0	0	0	0	0	0
2008	1	闪避值增加6点	0	0	1	18	6	0	0	0	0	0	0	0	0	0	0
2008	2	闪避值增加18点	0	0	1	18	18	0	0	0	0	0	0	0	0	0	0
2008	3	闪避值增加40点	0	0	1	18	40	0	0	0	0	0	0	0	0	0	0
2008	4	闪避值增加75点	0	0	1	18	75	0	0	0	0	0	0	0	0	0	0
2008	5	闪避值增加125点	0	0	1	18	125	0	0	0	0	0	0	0	0	0	0
2008	6	闪避值增加200点	0	0	1	18	200	0	0	0	0	0	0	0	0	0	0
2008	7	闪避值增加320点	0	0	1	18	320	0	0	0	0	0	0	0	0	0	0
2008	8	闪避值增加480点	0	0	1	18	480	0	0	0	0	0	0	0	0	0	0
2008	9	闪避值增加800点	0	0	1	18	800	0	0	0	0	0	0	0	0	0	0
2008	10	闪避值增加1200点	0	0	1	18	1200	0	0	0	0	0	0	0	0	0	0
2009	1	暴击值增加6点	0	0	1	14	6	0	0	0	0	0	0	0	0	0	0
2009	2	暴击值增加18点	0	0	1	14	18	0	0	0	0	0	0	0	0	0	0
2009	3	暴击值增加40点	0	0	1	14	40	0	0	0	0	0	0	0	0	0	0
2009	4	暴击值增加75点	0	0	1	14	75	0	0	0	0	0	0	0	0	0	0
2009	5	暴击值增加125点	0	0	1	14	125	0	0	0	0	0	0	0	0	0	0
2009	6	暴击值增加200点	0	0	1	14	200	0	0	0	0	0	0	0	0	0	0
2009	7	暴击值增加320点	0	0	1	14	320	0	0	0	0	0	0	0	0	0	0
2009	8	暴击值增加480点	0	0	1	14	480	0	0	0	0	0	0	0	0	0	0
2009	9	暴击值增加800点	0	0	1	14	800	0	0	0	0	0	0	0	0	0	0
2009	10	暴击值增加1200点	0	0	1	14	1200	0	0	0	0	0	0	0	0	0	0
2010	1	准确值增加6点	0	0	1	21	6	0	0	0	0	0	0	0	0	0	0
2010	2	准确值增加18点	0	0	1	21	18	0	0	0	0	0	0	0	0	0	0
2010	3	准确值增加40点	0	0	1	21	40	0	0	0	0	0	0	0	0	0	0
2010	4	准确值增加75点	0	0	1	21	75	0	0	0	0	0	0	0	0	0	0
2010	5	准确值增加125点	0	0	1	21	125	0	0	0	0	0	0	0	0	0	0
2010	6	准确值增加200点	0	0	1	21	200	0	0	0	0	0	0	0	0	0	0
2010	7	准确值增加320点	0	0	1	21	320	0	0	0	0	0	0	0	0	0	0
2010	8	准确值增加480点	0	0	1	21	480	0	0	0	0	0	0	0	0	0	0
2010	9	准确值增加800点	0	0	1	21	800	0	0	0	0	0	0	0	0	0	0
2010	10	准确值增加1200点	0	0	1	21	1200	0	0	0	0	0	0	0	0	0	0
2011	1	全体暴击值增加3点,闪避值增加3点	0	0	1	14	3	18	3	0	0	0	0	0	0	0	0
2011	2	全体暴击值增加9点,闪避值增加9点	0	0	1	14	9	18	9	0	0	0	0	0	0	0	0
2011	3	全体暴击值增加20点,闪避值增加20点	0	0	1	14	20	18	20	0	0	0	0	0	0	0	0
2011	4	全体暴击值增加38点,闪避值增加38点	0	0	1	14	38	18	38	0	0	0	0	0	0	0	0
2011	5	全体暴击值增加63点,闪避值增加63点	0	0	1	14	63	18	63	0	0	0	0	0	0	0	0
2011	6	全体暴击值增加100点,闪避值增加100点	0	0	1	14	100	18	100	0	0	0	0	0	0	0	0
2011	7	全体暴击值增加160点,闪避值增加160点	0	0	1	14	160	18	160	0	0	0	0	0	0	0	0
2011	8	全体暴击值增加240点,闪避值增加240点	0	0	1	14	240	18	240	0	0	0	0	0	0	0	0
2011	9	全体暴击值增加400点,闪避值增加400点	0	0	1	14	400	18	400	0	0	0	0	0	0	0	0
2011	10	全体暴击值增加600点,闪避值增加600点	0	0	1	14	600	18	600	0	0	0	0	0	0	0	0
2012	1	helloworld\nhelloworld	0	0	1	46	5	0	0	0	0	0	0	0	0	0	0
2012	2	helloworld\nhelloworld	0	0	1	46	10	0	0	0	0	0	0	0	0	0	0
2012	3	helloworld\nhelloworld	0	0	1	46	20	0	0	0	0	0	0	0	0	0	0
2012	4	helloworld\nhelloworld	0	0	1	46	20	0	0	0	0	0	0	0	0	0	0
2012	5	helloworld\nhelloworld	0	0	1	46	20	0	0	0	0	0	0	0	0	0	0
2012	6	helloworld\nhelloworld	0	0	1	46	20	0	0	0	0	0	0	0	0	0	0
2012	7	helloworld\nhelloworld	0	0	1	46	20	0	0	0	0	0	0	0	0	0	0
2012	8	helloworld\nhelloworld	0	0	1	46	20	0	0	0	0	0	0	0	0	0	0
2012	9	helloworld\nhelloworld	0	0	1	46	20	0	0	0	0	0	0	0	0	0	0
2012	10	helloworld\nhelloworld	0	0	1	46	20	0	0	0	0	0	0	0	0	0	0
3001	1	法术强度增加6点	0	0	1	6	6	0	0	0	0	0	0	0	0	0	0
3001	2	法术强度增加18点	0	0	1	6	18	0	0	0	0	0	0	0	0	0	0
3001	3	法术强度增加40点	0	0	1	6	40	0	0	0	0	0	0	0	0	0	0
3001	4	法术强度增加75点	0	0	1	6	75	0	0	0	0	0	0	0	0	0	0
3001	5	法术强度增加125点	0	0	1	6	125	0	0	0	0	0	0	0	0	0	0
3001	6	法术强度增加200点	0	0	1	6	200	0	0	0	0	0	0	0	0	0	0
3001	7	法术强度增加320点	0	0	1	6	320	0	0	0	0	0	0	0	0	0	0
3001	8	法术强度增加480点	0	0	1	6	480	0	0	0	0	0	0	0	0	0	0
3001	9	法术强度增加800点	0	0	1	6	800	0	0	0	0	0	0	0	0	0	0
3001	10	法术强度增加1200点	0	0	1	6	1200	0	0	0	0	0	0	0	0	0	0
3002	1	受到攻击时,反弹受到伤害的3%给予攻击者	0	0	1	0	0	0	0	0	0	0	0	0	0	0	0
3002	2	受到攻击时,反弹受到伤害的6%给予攻击者	0	0	1	0	0	0	0	0	0	0	0	0	0	0	0
3002	3	受到攻击时,反弹受到伤害的9%给予攻击者	0	0	1	0	0	0	0	0	0	0	0	0	0	0	0
3002	4	受到攻击时,反弹受到伤害的12%给予攻击者	0	0	1	0	0	0	0	0	0	0	0	0	0	0	0
3002	5	受到攻击时,反弹受到伤害的15%给予攻击者	0	0	1	0	0	0	0	0	0	0	0	0	0	0	0
3002	6	受到攻击时,反弹受到伤害的18%给予攻击者	0	0	1	0	0	0	0	0	0	0	0	0	0	0	0
3002	7	受到攻击时,反弹受到伤害的21%给予攻击者	0	0	1	0	0	0	0	0	0	0	0	0	0	0	0
3002	8	受到攻击时,反弹受到伤害的24%给予攻击者	0	0	1	0	0	0	0	0	0	0	0	0	0	0	0
3002	9	受到攻击时,反弹受到伤害的27%给予攻击者	0	0	1	0	0	0	0	0	0	0	0	0	0	0	0
3002	10	受到攻击时,反弹受到伤害的30%给予攻击者	0	0	1	0	0	0	0	0	0	0	0	0	0	0	0
3003	1	普通防御增加24点	0	0	1	47	24	0	0	0	0	0	0	0	0	0	0
3003	2	普通防御增加72点	0	0	1	47	72	0	0	0	0	0	0	0	0	0	0
3003	3	普通防御增加160点	0	0	1	47	160	0	0	0	0	0	0	0	0	0	0
3003	4	普通防御增加300点	0	0	1	47	300	0	0	0	0	0	0	0	0	0	0
3003	5	普通防御增加500点	0	0	1	47	500	0	0	0	0	0	0	0	0	0	0
3003	6	普通防御增加800点	0	0	1	47	800	0	0	0	0	0	0	0	0	0	0
3003	7	普通防御增加1280点	0	0	1	47	1280	0	0	0	0	0	0	0	0	0	0
3003	8	普通防御增加1920点	0	0	1	47	1920	0	0	0	0	0	0	0	0	0	0
3003	9	普通防御增加3200点	0	0	1	47	3200	0	0	0	0	0	0	0	0	0	0
3003	10	普通防御增加4800点	0	0	1	47	4800	0	0	0	0	0	0	0	0	0	0
3004	1	攻击目标并使其杀气下降15点	0	0	1	0	0	0	0	0	0	0	0	0	0	0	0
3004	2	攻击目标并使其杀气下降22点	0	0	1	0	0	0	0	0	0	0	0	0	0	0	0
3004	3	攻击目标并使其杀气下降29点	0	0	1	0	0	0	0	0	0	0	0	0	0	0	0
3004	4	攻击目标并使其杀气下降36点	0	0	1	0	0	0	0	0	0	0	0	0	0	0	0
3004	5	攻击目标并使其杀气下降43点	0	0	1	0	0	0	0	0	0	0	0	0	0	0	0
3004	6	攻击目标并使其杀气下降50点	0	0	1	0	0	0	0	0	0	0	0	0	0	0	0
3004	7	攻击目标并使其杀气下降57点	0	0	1	0	0	0	0	0	0	0	0	0	0	0	0
3004	8	攻击目标并使其杀气下降64点	0	0	1	0	0	0	0	0	0	0	0	0	0	0	0
3004	9	攻击目标并使其杀气下降71点	0	0	1	0	0	0	0	0	0	0	0	0	0	0	0
3004	10	攻击目标并使其杀气下降78点	0	0	1	0	0	0	0	0	0	0	0	0	0	0	0
3005	1	暴击倍率增加1%	0	0	1	50	100	0	0	0	0	0	0	0	0	0	0
3005	2	暴击倍率增加2%	0	0	1	50	200	0	0	0	0	0	0	0	0	0	0
3005	3	暴击倍率增加3%	0	0	1	50	300	0	0	0	0	0	0	0	0	0	0
3005	4	暴击倍率增加4%	0	0	1	50	400	0	0	0	0	0	0	0	0	0	0
3005	5	暴击倍率增加6%	0	0	1	50	600	0	0	0	0	0	0	0	0	0	0
3005	6	暴击倍率增加8%	0	0	1	50	800	0	0	0	0	0	0	0	0	0	0
3005	7	暴击倍率增加11%	0	0	1	50	1100	0	0	0	0	0	0	0	0	0	0
3005	8	暴击倍率增加15%	0	0	1	50	1500	0	0	0	0	0	0	0	0	0	0
3005	9	暴击倍率增加22%	0	0	1	50	2200	0	0	0	0	0	0	0	0	0	0
3005	10	暴击倍率增加30%	0	0	1	50	3000	0	0	0	0	0	0	0	0	0	0
3006	1	初始怒气值增加1点	0	0	1	42	1	0	0	0	0	0	0	0	0	0	0
3006	2	初始怒气值增加2点	0	0	1	42	2	0	0	0	0	0	0	0	0	0	0
3006	3	初始怒气值增加3点	0	0	1	42	3	0	0	0	0	0	0	0	0	0	0
3006	4	初始怒气值增加4点	0	0	1	42	4	0	0	0	0	0	0	0	0	0	0
3006	5	初始怒气值增加6点	0	0	1	42	6	0	0	0	0	0	0	0	0	0	0
3006	6	初始怒气值增加8点	0	0	1	42	8	0	0	0	0	0	0	0	0	0	0
3006	7	初始怒气值增加11点	0	0	1	42	11	0	0	0	0	0	0	0	0	0	0
3006	8	初始怒气值增加15点	0	0	1	42	15	0	0	0	0	0	0	0	0	0	0
3006	9	初始怒气值增加22点	0	0	1	42	22	0	0	0	0	0	0	0	0	0	0
3006	10	初始怒气值增加30点	0	0	1	42	30	0	0	0	0	0	0	0	0	0	0
3007	1	全体攻击增加3点，减伤值增加3点	0	0	1	45	3	25	3	0	0	0	0	0	0	0	0
3007	2	全体攻击增加9点，减伤值增加9点	0	0	1	45	9	25	9	0	0	0	0	0	0	0	0
3007	3	全体攻击增加20点，减伤值增加20点	0	0	1	45	20	25	20	0	0	0	0	0	0	0	0
3007	4	全体攻击增加38点，减伤值增加38点	0	0	1	45	38	25	38	0	0	0	0	0	0	0	0
3007	5	全体攻击增加63点，减伤值增加63点	0	0	1	45	63	25	63	0	0	0	0	0	0	0	0
3007	6	全体攻击增加100点，减伤值增加100点	0	0	1	45	100	25	100	0	0	0	0	0	0	0	0
3007	7	全体攻击增加160点，减伤值增加160点	0	0	1	45	160	25	160	0	0	0	0	0	0	0	0
3007	8	全体攻击增加240点，减伤值增加240点	0	0	1	45	240	25	240	0	0	0	0	0	0	0	0
3007	9	全体攻击增加400点，减伤值增加400点	0	0	1	45	400	25	400	0	0	0	0	0	0	0	0
3007	10	全体攻击增加600点，减伤值增加600点	0	0	1	45	600	25	600	0	0	0	0	0	0	0	0
3008	1	普通防御增加24点	0	0	1	47	24	0	0	0	0	0	0	0	0	0	0
3008	2	普通防御增加72点	0	0	1	47	72	0	0	0	0	0	0	0	0	0	0
3008	3	普通防御增加160点	0	0	1	47	160	0	0	0	0	0	0	0	0	0	0
3008	4	普通防御增加300点	0	0	1	47	300	0	0	0	0	0	0	0	0	0	0
3008	5	普通防御增加500点	0	0	1	47	500	0	0	0	0	0	0	0	0	0	0
3008	6	普通防御增加800点	0	0	1	47	800	0	0	0	0	0	0	0	0	0	0
3008	7	普通防御增加1280点	0	0	1	47	1280	0	0	0	0	0	0	0	0	0	0
3008	8	普通防御增加1920点	0	0	1	47	1920	0	0	0	0	0	0	0	0	0	0
3008	9	普通防御增加3200点	0	0	1	47	3200	0	0	0	0	0	0	0	0	0	0
3008	10	普通防御增加4800点	0	0	1	47	4800	0	0	0	0	0	0	0	0	0	0
3009	1	暴击倍率增加1%	0	0	1	50	100	0	0	0	0	0	0	0	0	0	0
3009	2	暴击倍率增加2%	0	0	1	50	200	0	0	0	0	0	0	0	0	0	0
3009	3	暴击倍率增加3%	0	0	1	50	300	0	0	0	0	0	0	0	0	0	0
3009	4	暴击倍率增加4%	0	0	1	50	400	0	0	0	0	0	0	0	0	0	0
3009	5	暴击倍率增加6%	0	0	1	50	600	0	0	0	0	0	0	0	0	0	0
3009	6	暴击倍率增加8%	0	0	1	50	800	0	0	0	0	0	0	0	0	0	0
3009	7	暴击倍率增加11%	0	0	1	50	1100	0	0	0	0	0	0	0	0	0	0
3009	8	暴击倍率增加15%	0	0	1	50	1500	0	0	0	0	0	0	0	0	0	0
3009	9	暴击倍率增加22%	0	0	1	50	2200	0	0	0	0	0	0	0	0	0	0
3009	10	暴击倍率增加30%	0	0	1	50	3000	0	0	0	0	0	0	0	0	0	0
3010	1	初始怒气值增加1点	0	0	1	42	1	0	0	0	0	0	0	0	0	0	0
3010	2	初始怒气值增加2点	0	0	1	42	2	0	0	0	0	0	0	0	0	0	0
3010	3	初始怒气值增加3点	0	0	1	42	3	0	0	0	0	0	0	0	0	0	0
3010	4	初始怒气值增加4点	0	0	1	42	4	0	0	0	0	0	0	0	0	0	0
3010	5	初始怒气值增加6点	0	0	1	42	6	0	0	0	0	0	0	0	0	0	0
3010	6	初始怒气值增加8点	0	0	1	42	8	0	0	0	0	0	0	0	0	0	0
3010	7	初始怒气值增加11点	0	0	1	42	11	0	0	0	0	0	0	0	0	0	0
3010	8	初始怒气值增加15点	0	0	1	42	15	0	0	0	0	0	0	0	0	0	0
3010	9	初始怒气值增加22点	0	0	1	42	22	0	0	0	0	0	0	0	0	0	0
3010	10	初始怒气值增加30点	0	0	1	42	30	0	0	0	0	0	0	0	0	0	0
3011	1	全体攻击增加3点，减伤值增加3点	0	0	1	45	3	25	3	0	0	0	0	0	0	0	0
3011	2	全体攻击增加9点，减伤值增加9点	0	0	1	45	9	25	9	0	0	0	0	0	0	0	0
3011	3	全体攻击增加20点，减伤值增加20点	0	0	1	45	20	25	20	0	0	0	0	0	0	0	0
3011	4	全体攻击增加38点，减伤值增加38点	0	0	1	45	38	25	38	0	0	0	0	0	0	0	0
3011	5	全体攻击增加63点，减伤值增加63点	0	0	1	45	63	25	63	0	0	0	0	0	0	0	0
3011	6	全体攻击增加100点，减伤值增加100点	0	0	1	45	100	25	100	0	0	0	0	0	0	0	0
3011	7	全体攻击增加160点，减伤值增加160点	0	0	1	45	160	25	160	0	0	0	0	0	0	0	0
3011	8	全体攻击增加240点，减伤值增加240点	0	0	1	45	240	25	240	0	0	0	0	0	0	0	0
3011	9	全体攻击增加400点，减伤值增加400点	0	0	1	45	400	25	400	0	0	0	0	0	0	0	0
3011	10	全体攻击增加600点，减伤值增加600点	0	0	1	45	600	25	600	0	0	0	0	0	0	0	0
3012	1	helloworld\nhelloworld	0	0	1	1048	200	0	0	0	0	0	0	0	0	0	0
3012	2	helloworld\nhelloworld	0	0	1	1048	300	0	0	0	0	0	0	0	0	0	0
3012	3	helloworld\nhelloworld	0	0	1	1048	400	0	0	0	0	0	0	0	0	0	0
3012	4	helloworld\nhelloworld	0	0	1	1048	500	0	0	0	0	0	0	0	0	0	0
3012	5	helloworld\nhelloworld	0	0	1	1048	600	0	0	0	0	0	0	0	0	0	0
3012	6	helloworld\nhelloworld	0	0	1	1048	700	0	0	0	0	0	0	0	0	0	0
3012	7	helloworld\nhelloworld	0	0	1	1048	800	0	0	0	0	0	0	0	0	0	0
3012	8	helloworld\nhelloworld	0	0	1	1048	900	0	0	0	0	0	0	0	0	0	0
3012	9	helloworld\nhelloworld	0	0	1	1048	1000	0	0	0	0	0	0	0	0	0	0
3012	10	helloworld\nhelloworld	0	0	1	1048	1100	0	0	0	0	0	0	0	0	0	0
10001	1	helloworld\nhelloworld	0	0	1	1071	2000	1072	2000	0	0	0	0	0	0	0	0
10001	2	helloworld\nhelloworld	0	0	1	1071	2330	1072	2330	0	0	0	0	0	0	0	0
10001	3	helloworld\nhelloworld	0	0	1	1071	2670	1072	2670	0	0	0	0	0	0	0	0
10001	4	helloworld\nhelloworld	0	0	1	1071	3000	1072	3000	0	0	0	0	0	0	0	0
10001	5	helloworld\nhelloworld	0	0	1	1071	3330	1072	3330	0	0	0	0	0	0	0	0
10001	6	helloworld\nhelloworld	0	0	1	1071	3670	1072	3670	0	0	0	0	0	0	0	0
10001	7	helloworld\nhelloworld	0	0	1	1071	4000	1072	4000	0	0	0	0	0	0	0	0
10001	8	helloworld\nhelloworld	0	0	1	1071	4330	1072	4330	0	0	0	0	0	0	0	0
10001	9	helloworld\nhelloworld	0	0	1	1071	4660	1072	4660	0	0	0	0	0	0	0	0
10001	10	helloworld\nhelloworld	0	0	1	1071	5000	1072	5000	0	0	0	0	0	0	0	0
10002	1	helloworld\nhelloworld	0	0	1	56	1508	0	0	0	0	0	0	0	0	0	0
10002	2	helloworld\nhelloworld	0	0	1	56	1896	0	0	0	0	0	0	0	0	0	0
10002	3	helloworld\nhelloworld	0	0	1	56	2284	0	0	0	0	0	0	0	0	0	0
10002	4	helloworld\nhelloworld	0	0	1	56	2672	0	0	0	0	0	0	0	0	0	0
10002	5	helloworld\nhelloworld	0	0	1	56	3060	0	0	0	0	0	0	0	0	0	0
10002	6	helloworld\nhelloworld	0	0	1	56	3448	0	0	0	0	0	0	0	0	0	0
10002	7	helloworld\nhelloworld	0	0	1	56	3836	0	0	0	0	0	0	0	0	0	0
10002	8	helloworld\nhelloworld	0	0	1	56	4224	0	0	0	0	0	0	0	0	0	0
10002	9	helloworld\nhelloworld	0	0	1	56	4612	0	0	0	0	0	0	0	0	0	0
10002	10	helloworld\nhelloworld	0	0	1	56	5000	0	0	0	0	0	0	0	0	0	0
10003	1	防御上升12%,攻击上升12%\n持续2个回合	0	0	1	1047	1200	1048	1200	1045	1200	0	0	0	0	0	0
10003	2	防御上升14%,攻击上升14%\n持续2个回合	0	0	1	1047	1400	1048	1400	1045	1400	0	0	0	0	0	0
10003	3	防御上升16%,攻击上升16%\n持续2个回合	0	0	1	1047	1600	1048	1600	1045	1600	0	0	0	0	0	0
10003	4	防御上升18%,攻击上升18%\n持续2个回合	0	0	1	1047	1800	1048	1800	1045	1800	0	0	0	0	0	0
10003	5	防御上升20%,攻击上升20%\n持续2个回合	0	0	1	1047	2000	1048	2000	1045	2000	0	0	0	0	0	0
10003	6	防御上升22%,攻击上升22%\n持续2个回合	0	0	1	1047	2200	1048	2200	1045	2200	0	0	0	0	0	0
10003	7	防御上升24%,攻击上升24%\n持续2个回合	0	0	1	1047	2400	1048	2400	1045	2400	0	0	0	0	0	0
10003	8	防御上升26%,攻击上升26%\n持续2个回合	0	0	1	1047	2600	1048	2600	1045	2600	0	0	0	0	0	0
10003	9	防御上升28%,攻击上升28%\n持续2个回合	0	0	1	1047	2800	1048	2800	1045	2800	0	0	0	0	0	0
10003	10	防御上升30%,攻击上升30%\n持续2个回合	0	0	1	1047	3000	1048	3000	1045	3000	0	0	0	0	0	0
10004	1	攻击上升10%\n持续2个回合	0	0	1	1045	1000	0	0	0	0	0	0	0	0	0	0
10004	2	攻击上升10.9%\n持续2个回合	0	0	1	1045	1090	0	0	0	0	0	0	0	0	0	0
10004	3	攻击上升11.8%\n持续2个回合	0	0	1	1045	1180	0	0	0	0	0	0	0	0	0	0
10004	4	攻击上升12.7%\n持续2个回合	0	0	1	1045	1270	0	0	0	0	0	0	0	0	0	0
10004	5	攻击上升13.6%\n持续2个回合	0	0	1	1045	1360	0	0	0	0	0	0	0	0	0	0
10004	6	攻击上升14.5%\n持续2个回合	0	0	1	1045	1450	0	0	0	0	0	0	0	0	0	0
10004	7	攻击上升15.3%\n持续2个回合	0	0	1	1045	1530	0	0	0	0	0	0	0	0	0	0
10004	8	攻击上升16.2%\n持续2个回合	0	0	1	1045	1620	0	0	0	0	0	0	0	0	0	0
10004	9	攻击上升17%\n持续2个回合	0	0	1	1045	1700	0	0	0	0	0	0	0	0	0	0
10004	10	攻击上升18%\n持续2个回合	0	0	1	1045	1800	0	0	0	0	0	0	0	0	0	0
10005	1	爆击概率上升10%	0	0	1	1049	1000	0	0	0	0	0	0	0	0	0	0
10005	2	爆击概率上升10%	0	0	1	1049	1000	0	0	0	0	0	0	0	0	0	0
10005	3	爆击概率上升10%	0	0	1	1049	1000	0	0	0	0	0	0	0	0	0	0
10005	4	爆击概率上升10%	0	0	1	1049	1000	0	0	0	0	0	0	0	0	0	0
10005	5	爆击概率上升10%	0	0	1	1049	1000	0	0	0	0	0	0	0	0	0	0
10005	6	爆击概率上升10%	0	0	1	1049	1000	0	0	0	0	0	0	0	0	0	0
10005	7	爆击概率上升10%	0	0	1	1049	1000	0	0	0	0	0	0	0	0	0	0
10005	8	爆击概率上升10%	0	0	1	1049	1000	0	0	0	0	0	0	0	0	0	0
10005	9	爆击概率上升10%	0	0	1	1049	1000	0	0	0	0	0	0	0	0	0	0
10005	10	爆击概率上升10%	0	0	1	1049	1000	0	0	0	0	0	0	0	0	0	0
10006	1	增加10点杀气	0	0	1	44	10	0	0	0	0	0	0	0	0	0	0
10006	2	增加10点杀气	0	0	1	44	10	0	0	0	0	0	0	0	0	0	0
10006	3	增加10点杀气	0	0	1	44	10	0	0	0	0	0	0	0	0	0	0
10006	4	增加10点杀气	0	0	1	44	10	0	0	0	0	0	0	0	0	0	0
10006	5	增加10点杀气	0	0	1	44	10	0	0	0	0	0	0	0	0	0	0
10006	6	增加10点杀气	0	0	1	44	10	0	0	0	0	0	0	0	0	0	0
10006	7	增加10点杀气	0	0	1	44	10	0	0	0	0	0	0	0	0	0	0
10006	8	增加10点杀气	0	0	1	44	10	0	0	0	0	0	0	0	0	0	0
10006	9	增加10点杀气	0	0	1	44	10	0	0	0	0	0	0	0	0	0	0
10006	10	增加10点杀气	0	0	1	44	10	0	0	0	0	0	0	0	0	0	0
10007	1	攻击力上升10%	0	0	1	1045	1000	0	0	0	0	0	0	0	0	0	0
10007	2	攻击力上升10%	0	0	1	1045	1000	0	0	0	0	0	0	0	0	0	0
10007	3	攻击力上升10%	0	0	1	1045	1000	0	0	0	0	0	0	0	0	0	0
10007	4	攻击力上升10%	0	0	1	1045	1000	0	0	0	0	0	0	0	0	0	0
10007	5	攻击力上升10%	0	0	1	1045	1000	0	0	0	0	0	0	0	0	0	0
10007	6	攻击力上升10%	0	0	1	1045	1000	0	0	0	0	0	0	0	0	0	0
10007	7	攻击力上升10%	0	0	1	1045	1000	0	0	0	0	0	0	0	0	0	0
10007	8	攻击力上升10%	0	0	1	1045	1000	0	0	0	0	0	0	0	0	0	0
10007	9	攻击力上升10%	0	0	1	1045	1000	0	0	0	0	0	0	0	0	0	0
10007	10	攻击力上升10%	0	0	1	1045	1000	0	0	0	0	0	0	0	0	0	0
10008	1	杀气值上升30	0	0	1	44	30	0	0	0	0	0	0	0	0	0	0
10008	2	杀气值上升30	0	0	1	44	30	0	0	0	0	0	0	0	0	0	0
10008	3	杀气值上升30	0	0	1	44	30	0	0	0	0	0	0	0	0	0	0
10008	4	杀气值上升30	0	0	1	44	30	0	0	0	0	0	0	0	0	0	0
10008	5	杀气值上升30	0	0	1	44	30	0	0	0	0	0	0	0	0	0	0
10008	6	杀气值上升30	0	0	1	44	30	0	0	0	0	0	0	0	0	0	0
10008	7	杀气值上升30	0	0	1	44	30	0	0	0	0	0	0	0	0	0	0
10008	8	杀气值上升30	0	0	1	44	30	0	0	0	0	0	0	0	0	0	0
10008	9	杀气值上升30	0	0	1	44	30	0	0	0	0	0	0	0	0	0	0
10008	10	杀气值上升30	0	0	1	44	30	0	0	0	0	0	0	0	0	0	0
10009	1	回避率上身30，命中率上升30\n持续2个回合	0	0	1	54	50	55	50	0	0	0	0	0	0	0	0
10009	2	回避率上身30，命中率上升30\n持续2个回合	0	0	1	54	50	55	50	0	0	0	0	0	0	0	0
10009	3	回避率上身30，命中率上升30\n持续2个回合	0	0	1	54	50	55	50	0	0	0	0	0	0	0	0
10009	4	回避率上身30，命中率上升30\n持续2个回合	0	0	1	54	50	55	50	0	0	0	0	0	0	0	0
10009	5	回避率上身30，命中率上升30\n持续2个回合	0	0	1	54	50	55	50	0	0	0	0	0	0	0	0
10009	6	回避率上身30，命中率上升30\n持续2个回合	0	0	1	54	50	55	50	0	0	0	0	0	0	0	0
10009	7	回避率上身30，命中率上升30\n持续2个回合	0	0	1	54	50	55	50	0	0	0	0	0	0	0	0
10009	8	回避率上身30，命中率上升30\n持续2个回合	0	0	1	54	50	55	50	0	0	0	0	0	0	0	0
10009	9	回避率上身30，命中率上升30\n持续2个回合	0	0	1	54	50	55	50	0	0	0	0	0	0	0	0
10009	10	回避率上身30，命中率上升30\n持续2个回合	0	0	1	54	50	55	50	0	0	0	0	0	0	0	0
10010	1	格挡率增加80%\n持续1个回合	0	0	1	56	80	0	0	0	0	0	0	0	0	0	0
10010	2	格挡率增加80%\n持续1个回合	0	0	1	56	80	0	0	0	0	0	0	0	0	0	0
10010	3	格挡率增加80%\n持续1个回合	0	0	1	56	80	0	0	0	0	0	0	0	0	0	0
10010	4	格挡率增加80%\n持续1个回合	0	0	1	56	80	0	0	0	0	0	0	0	0	0	0
10010	5	格挡率增加80%\n持续1个回合	0	0	1	56	80	0	0	0	0	0	0	0	0	0	0
10010	6	格挡率增加80%\n持续1个回合	0	0	1	56	80	0	0	0	0	0	0	0	0	0	0
10010	7	格挡率增加80%\n持续1个回合	0	0	1	56	80	0	0	0	0	0	0	0	0	0	0
10010	8	格挡率增加80%\n持续1个回合	0	0	1	56	80	0	0	0	0	0	0	0	0	0	0
10010	9	格挡率增加80%\n持续1个回合	0	0	1	56	80	0	0	0	0	0	0	0	0	0	0
10010	10	格挡率增加80%\n持续1个回合	0	0	1	56	80	0	0	0	0	0	0	0	0	0	0
10011	1	格挡率增加80%\n持续1个回合	0	0	1	56	80	0	0	0	0	0	0	0	0	0	0
10011	2	格挡率增加80%\n持续1个回合	0	0	1	56	80	0	0	0	0	0	0	0	0	0	0
10011	3	格挡率增加80%\n持续1个回合	0	0	1	56	80	0	0	0	0	0	0	0	0	0	0
10011	4	格挡率增加80%\n持续1个回合	0	0	1	56	80	0	0	0	0	0	0	0	0	0	0
10011	5	格挡率增加80%\n持续1个回合	0	0	1	56	80	0	0	0	0	0	0	0	0	0	0
10011	6	格挡率增加80%\n持续1个回合	0	0	1	56	80	0	0	0	0	0	0	0	0	0	0
10011	7	格挡率增加80%\n持续1个回合	0	0	1	56	80	0	0	0	0	0	0	0	0	0	0
10011	8	格挡率增加80%\n持续1个回合	0	0	1	56	80	0	0	0	0	0	0	0	0	0	0
10011	9	格挡率增加80%\n持续1个回合	0	0	1	56	80	0	0	0	0	0	0	0	0	0	0
10011	10	格挡率增加80%\n持续1个回合	0	0	1	56	80	0	0	0	0	0	0	0	0	0	0
10012	1	进入石化状态，2回合内无法行动\n但是防御上升30%,每个回合回复30%血量。	0	0	1	1047	5000	1048	5000	0	0	0	0	0	0	0	0
10012	2	进入石化状态，2回合内无法行动\n但是防御上升30%,每个回合回复30%血量。	0	0	1	1047	5000	1048	5000	0	0	0	0	0	0	0	0
10012	3	进入石化状态，2回合内无法行动\n但是防御上升30%,每个回合回复30%血量。	0	0	1	1047	5000	1048	5000	0	0	0	0	0	0	0	0
10012	4	进入石化状态，2回合内无法行动\n但是防御上升30%,每个回合回复30%血量。	0	0	1	1047	5000	1048	5000	0	0	0	0	0	0	0	0
10012	5	进入石化状态，2回合内无法行动\n但是防御上升30%,每个回合回复30%血量。	0	0	1	1047	5000	1048	5000	0	0	0	0	0	0	0	0
10012	6	进入石化状态，2回合内无法行动\n但是防御上升30%,每个回合回复30%血量。	0	0	1	1047	5000	1048	5000	0	0	0	0	0	0	0	0
10012	7	进入石化状态，2回合内无法行动\n但是防御上升30%,每个回合回复30%血量。	0	0	1	1047	5000	1048	5000	0	0	0	0	0	0	0	0
10012	8	进入石化状态，2回合内无法行动\n但是防御上升30%,每个回合回复30%血量。	0	0	1	1047	5000	1048	5000	0	0	0	0	0	0	0	0
10012	9	进入石化状态，2回合内无法行动\n但是防御上升30%,每个回合回复30%血量。	0	0	1	1047	5000	1048	5000	0	0	0	0	0	0	0	0
10012	10	进入石化状态，2回合内无法行动\n但是防御上升30%,每个回合回复30%血量。	0	0	1	1047	5000	1048	5000	0	0	0	0	0	0	0	0
10013	1	魔法伤害减免5%	0	0	1	72	500	0	0	0	0	0	0	0	0	0	0
10013	2	魔法伤害减免6%	0	0	1	72	600	0	0	0	0	0	0	0	0	0	0
10013	3	魔法伤害减免7%	0	0	1	72	700	0	0	0	0	0	0	0	0	0	0
10013	4	魔法伤害减免8%	0	0	1	72	800	0	0	0	0	0	0	0	0	0	0
10013	5	魔法伤害减免9%	0	0	1	72	900	0	0	0	0	0	0	0	0	0	0
10013	6	魔法伤害减免10%	0	0	1	72	1000	0	0	0	0	0	0	0	0	0	0
10013	7	魔法伤害减免10%	0	0	1	72	1000	0	0	0	0	0	0	0	0	0	0
10013	8	魔法伤害减免10%	0	0	1	72	1000	0	0	0	0	0	0	0	0	0	0
10013	9	魔法伤害减免10%	0	0	1	72	1000	0	0	0	0	0	0	0	0	0	0
10013	10	魔法伤害减免10%	0	0	1	72	1000	0	0	0	0	0	0	0	0	0	0
10014	1	回避上升30%	0	0	1	54	3000	0	0	0	0	0	0	0	0	0	0
10014	2	回避上升32%	0	0	1	54	3200	0	0	0	0	0	0	0	0	0	0
10014	3	回避上升34%	0	0	1	54	3400	0	0	0	0	0	0	0	0	0	0
10014	4	回避上升36%	0	0	1	54	3600	0	0	0	0	0	0	0	0	0	0
10014	5	回避上升38%	0	0	1	54	3800	0	0	0	0	0	0	0	0	0	0
10014	6	回避上升40%	0	0	1	54	4000	0	0	0	0	0	0	0	0	0	0
10014	7	回避上升40%	0	0	1	54	4000	0	0	0	0	0	0	0	0	0	0
10014	8	回避上升40%	0	0	1	54	4000	0	0	0	0	0	0	0	0	0	0
10014	9	回避上升40%	0	0	1	54	4000	0	0	0	0	0	0	0	0	0	0
10014	10	回避上升40%	0	0	1	54	4000	0	0	0	0	0	0	0	0	0	0
10015	1	法术防御上升30%	0	0	1	65	3000	0	0	0	0	0	0	0	0	0	0
10015	2	法术防御上升32%	0	0	1	65	3200	0	0	0	0	0	0	0	0	0	0
10015	3	法术防御上升34%	0	0	1	65	3400	0	0	0	0	0	0	0	0	0	0
10015	4	法术防御上升36%	0	0	1	65	3600	0	0	0	0	0	0	0	0	0	0
10015	5	法术防御上升38%	0	0	1	65	3800	0	0	0	0	0	0	0	0	0	0
10015	6	法术防御上升40%	0	0	1	65	4000	0	0	0	0	0	0	0	0	0	0
10015	7	法术防御上升40%	0	0	1	65	4000	0	0	0	0	0	0	0	0	0	0
10015	8	法术防御上升40%	0	0	1	65	4000	0	0	0	0	0	0	0	0	0	0
10015	9	法术防御上升40%	0	0	1	65	4000	0	0	0	0	0	0	0	0	0	0
10015	10	法术防御上升40%	0	0	1	65	4000	0	0	0	0	0	0	0	0	0	0
10016	1	防御上升10%	0	0	1	1047	1000	1048	1000	0	0	0	0	0	0	0	0
10016	2	防御上升13%	0	0	1	1047	1300	1048	1300	0	0	0	0	0	0	0	0
10016	3	防御上升16%	0	0	1	1047	1600	1048	1600	0	0	0	0	0	0	0	0
10016	4	防御上升19%	0	0	1	1047	1900	1048	1900	0	0	0	0	0	0	0	0
10016	5	防御上升24%	0	0	1	1047	2400	1048	2400	0	0	0	0	0	0	0	0
10016	6	防御上升30%	0	0	1	1047	3000	1048	3000	0	0	0	0	0	0	0	0
10016	7	防御上升30%	0	0	1	1047	3000	1048	3000	0	0	0	0	0	0	0	0
10016	8	防御上升30%	0	0	1	1047	3000	1048	3000	0	0	0	0	0	0	0	0
10016	9	防御上升30%	0	0	1	1047	3000	1048	3000	0	0	0	0	0	0	0	0
10016	10	防御上升30%	0	0	1	1047	3000	1048	3000	0	0	0	0	0	0	0	0
10017	1	回避下降10%	0	0	1	54	-1000	0	0	0	0	0	0	0	0	0	0
10017	2	回避下降12%	0	0	1	54	-1200	0	0	0	0	0	0	0	0	0	0
10017	3	回避下降13%	0	0	1	54	-1300	0	0	0	0	0	0	0	0	0	0
10017	4	回避下降15%	0	0	1	54	-1500	0	0	0	0	0	0	0	0	0	0
10017	5	回避下降17%	0	0	1	54	-1700	0	0	0	0	0	0	0	0	0	0
10017	6	回避下降20%	0	0	1	54	-2000	0	0	0	0	0	0	0	0	0	0
10017	7	回避下降20%	0	0	1	54	-2000	0	0	0	0	0	0	0	0	0	0
10017	8	回避下降20%	0	0	1	54	-2000	0	0	0	0	0	0	0	0	0	0
10017	9	回避下降20%	0	0	1	54	-2000	0	0	0	0	0	0	0	0	0	0
10017	10	回避下降20%	0	0	1	54	-2000	0	0	0	0	0	0	0	0	0	0
10018	1	每回合回复自身血量的1%,效果可以被驱散	0	0	1	0	0	0	0	0	0	0	0	0	0	0	0
10018	2	每回合回复自身血量的1.1%,效果可以被驱散	0	0	1	0	0	0	0	0	0	0	0	0	0	0	0
10018	3	每回合回复自身血量的1.3%,效果可以被驱散	0	0	1	0	0	0	0	0	0	0	0	0	0	0	0
10018	4	每回合回复自身血量的1.5%,效果可以被驱散	0	0	1	0	0	0	0	0	0	0	0	0	0	0	0
10018	5	每回合回复自身血量的1.7%,效果可以被驱散	0	0	1	0	0	0	0	0	0	0	0	0	0	0	0
10018	6	每回合回复自身血量的2%,效果可以被驱散	0	0	1	0	0	0	0	0	0	0	0	0	0	0	0
10018	7	每回合回复自身血量的2%,效果可以被驱散	0	0	1	0	0	0	0	0	0	0	0	0	0	0	0
10018	8	每回合回复自身血量的2%,效果可以被驱散	0	0	1	0	0	0	0	0	0	0	0	0	0	0	0
10018	9	每回合回复自身血量的2%,效果可以被驱散	0	0	1	0	0	0	0	0	0	0	0	0	0	0	0
10018	10	每回合回复自身血量的2%,效果可以被驱散	0	0	1	0	0	0	0	0	0	0	0	0	0	0	0
10019	1	伤害增加8%,可叠加3次	0	0	1	1022	800	0	0	0	0	0	0	0	0	0	0
10019	2	伤害增加8%,可叠加3次	0	0	1	1022	800	0	0	0	0	0	0	0	0	0	0
10019	3	伤害增加8%,可叠加3次	0	0	1	1022	800	0	0	0	0	0	0	0	0	0	0
10019	4	伤害增加8%,可叠加3次	0	0	1	1022	800	0	0	0	0	0	0	0	0	0	0
10019	5	伤害增加8%,可叠加3次	0	0	1	1022	800	0	0	0	0	0	0	0	0	0	0
10019	6	伤害增加8%,可叠加3次	0	0	1	1022	800	0	0	0	0	0	0	0	0	0	0
10019	7	伤害增加8%,可叠加3次	0	0	1	1022	800	0	0	0	0	0	0	0	0	0	0
10019	8	伤害增加8%,可叠加3次	0	0	1	1022	800	0	0	0	0	0	0	0	0	0	0
10019	9	伤害增加8%,可叠加3次	0	0	1	1022	800	0	0	0	0	0	0	0	0	0	0
10019	10	伤害增加8%,可叠加3次	0	0	1	1022	800	0	0	0	0	0	0	0	0	0	0
10020	1	0	0	0	1	54	3000	0	0	0	0	0	0	0	0	0	0
10020	2	0	0	0	1	54	3000	0	0	0	0	0	0	0	0	0	0
10020	3	0	0	0	1	54	3000	0	0	0	0	0	0	0	0	0	0
10020	4	0	0	0	1	54	3000	0	0	0	0	0	0	0	0	0	0
10020	5	0	0	0	1	54	3000	0	0	0	0	0	0	0	0	0	0
10020	6	0	0	0	1	54	3000	0	0	0	0	0	0	0	0	0	0
10020	7	0	0	0	1	54	3000	0	0	0	0	0	0	0	0	0	0
10020	8	0	0	0	1	54	3000	0	0	0	0	0	0	0	0	0	0
10020	9	0	0	0	1	54	3000	0	0	0	0	0	0	0	0	0	0
10020	10	0	0	0	1	54	3000	0	0	0	0	0	0	0	0	0	0
10021	1	0	0	0	1	54	3000	0	0	0	0	0	0	0	0	0	0
10021	2	0	0	0	1	54	3000	0	0	0	0	0	0	0	0	0	0
10021	3	0	0	0	1	54	3000	0	0	0	0	0	0	0	0	0	0
10021	4	0	0	0	1	54	3000	0	0	0	0	0	0	0	0	0	0
10021	5	0	0	0	1	54	3000	0	0	0	0	0	0	0	0	0	0
10021	6	0	0	0	1	54	3000	0	0	0	0	0	0	0	0	0	0
10021	7	0	0	0	1	54	3000	0	0	0	0	0	0	0	0	0	0
10021	8	0	0	0	1	54	3000	0	0	0	0	0	0	0	0	0	0
10021	9	0	0	0	1	54	3000	0	0	0	0	0	0	0	0	0	0
10021	10	0	0	0	1	54	3000	0	0	0	0	0	0	0	0	0	0
10022	1	反弹近战攻击者自身伤害的10%	0	0	1	0	0	0	0	0	0	0	0	0	0	0	0
10022	2	反弹近战攻击者自身伤害的12%	0	0	1	0	0	0	0	0	0	0	0	0	0	0	0
10022	3	反弹近战攻击者自身伤害的14%	0	0	1	0	0	0	0	0	0	0	0	0	0	0	0
10022	4	反弹近战攻击者自身伤害的17%	0	0	1	0	0	0	0	0	0	0	0	0	0	0	0
10022	5	反弹近战攻击者自身伤害的20%	0	0	1	0	0	0	0	0	0	0	0	0	0	0	0
10022	6	反弹近战攻击者自身伤害的25%	0	0	1	0	0	0	0	0	0	0	0	0	0	0	0
10022	7	反弹近战攻击者自身伤害的25%	0	0	1	0	0	0	0	0	0	0	0	0	0	0	0
10022	8	反弹近战攻击者自身伤害的25%	0	0	1	0	0	0	0	0	0	0	0	0	0	0	0
10022	9	反弹近战攻击者自身伤害的25%	0	0	1	0	0	0	0	0	0	0	0	0	0	0	0
10022	10	反弹近战攻击者自身伤害的25%	0	0	1	0	0	0	0	0	0	0	0	0	0	0	0
10023	1	反弹近战攻击者自身伤害的10%	0	0	1	54	3000	0	0	0	0	0	0	0	0	0	0
10023	2	回避提升30%	0	0	1	54	3000	0	0	0	0	0	0	0	0	0	0
10023	3	回避提升30%	0	0	1	54	3000	0	0	0	0	0	0	0	0	0	0
10023	4	回避提升30%	0	0	1	54	3000	0	0	0	0	0	0	0	0	0	0
10023	5	回避提升30%	0	0	1	54	3000	0	0	0	0	0	0	0	0	0	0
10023	6	回避提升30%	0	0	1	54	3000	0	0	0	0	0	0	0	0	0	0
10023	7	回避提升30%	0	0	1	54	3000	0	0	0	0	0	0	0	0	0	0
10023	8	回避提升30%	0	0	1	54	3000	0	0	0	0	0	0	0	0	0	0
10023	9	回避提升30%	0	0	1	54	3000	0	0	0	0	0	0	0	0	0	0
10023	10	回避提升30%	0	0	1	54	3000	0	0	0	0	0	0	0	0	0	0
10024	1	0	0	0	1	54	3000	0	0	0	0	0	0	0	0	0	0
10024	2	0	0	0	1	54	3000	0	0	0	0	0	0	0	0	0	0
10024	3	0	0	0	1	54	3000	0	0	0	0	0	0	0	0	0	0
10024	4	0	0	0	1	54	3000	0	0	0	0	0	0	0	0	0	0
10024	5	0	0	0	1	54	3000	0	0	0	0	0	0	0	0	0	0
10024	6	0	0	0	1	54	3000	0	0	0	0	0	0	0	0	0	0
10024	7	0	0	0	1	54	3000	0	0	0	0	0	0	0	0	0	0
10024	8	0	0	0	1	54	3000	0	0	0	0	0	0	0	0	0	0
10024	9	0	0	0	1	54	3000	0	0	0	0	0	0	0	0	0	0
10024	10	0	0	0	1	54	3000	0	0	0	0	0	0	0	0	0	0
10025	1	回避提升30%	0	0	1	54	3000	0	0	0	0	0	0	0	0	0	0
10025	2	回避提升30%	0	0	1	54	3000	0	0	0	0	0	0	0	0	0	0
10025	3	回避提升30%	0	0	1	54	3000	0	0	0	0	0	0	0	0	0	0
10025	4	回避提升30%	0	0	1	54	3000	0	0	0	0	0	0	0	0	0	0
10025	5	回避提升30%	0	0	1	54	3000	0	0	0	0	0	0	0	0	0	0
10025	6	回避提升30%	0	0	1	54	3000	0	0	0	0	0	0	0	0	0	0
10025	7	回避提升30%	0	0	1	54	3000	0	0	0	0	0	0	0	0	0	0
10025	8	回避提升30%	0	0	1	54	3000	0	0	0	0	0	0	0	0	0	0
10025	9	回避提升30%	0	0	1	54	3000	0	0	0	0	0	0	0	0	0	0
10025	10	回避提升30%	0	0	1	54	3000	0	0	0	0	0	0	0	0	0	0
10026	1	回避提升30%	0	0	1	54	3000	0	0	0	0	0	0	0	0	0	0
10026	2	回避提升30%	0	0	1	54	3000	0	0	0	0	0	0	0	0	0	0
10026	3	回避提升30%	0	0	1	54	3000	0	0	0	0	0	0	0	0	0	0
10026	4	回避提升30%	0	0	1	54	3000	0	0	0	0	0	0	0	0	0	0
10026	5	回避提升30%	0	0	1	54	3000	0	0	0	0	0	0	0	0	0	0
10026	6	回避提升30%	0	0	1	54	3000	0	0	0	0	0	0	0	0	0	0
10026	7	回避提升30%	0	0	1	54	3000	0	0	0	0	0	0	0	0	0	0
10026	8	回避提升30%	0	0	1	54	3000	0	0	0	0	0	0	0	0	0	0
10026	9	回避提升30%	0	0	1	54	3000	0	0	0	0	0	0	0	0	0	0
10026	10	回避提升30%	0	0	1	54	3000	0	0	0	0	0	0	0	0	0	0
10027	1	战斗开始3回合内攻防上升10%	0	0	1	1045	1000	1047	1000	1048	1000	0	0	0	0	0	0
10027	2	战斗开始3回合内攻防上升11%	0	0	1	1045	1100	1047	1100	1048	1100	0	0	0	0	0	0
10027	3	战斗开始3回合内攻防上升13%	0	0	1	1045	1300	1047	1300	1048	1300	0	0	0	0	0	0
10027	4	战斗开始3回合内攻防上升15%	0	0	1	1045	1500	1047	1500	1048	1500	0	0	0	0	0	0
10027	5	战斗开始3回合内攻防上升17%	0	0	1	1045	1700	1047	1700	1048	1700	0	0	0	0	0	0
10027	6	战斗开始3回合内攻防上升20%	0	0	1	1045	2000	1047	2000	1048	2000	0	0	0	0	0	0
10027	7	战斗开始3回合内攻防上升20%	0	0	1	1045	2000	1047	2000	1048	2000	0	0	0	0	0	0
10027	8	战斗开始3回合内攻防上升20%	0	0	1	1045	2000	1047	2000	1048	2000	0	0	0	0	0	0
10027	9	战斗开始3回合内攻防上升20%	0	0	1	1045	2000	1047	2000	1048	2000	0	0	0	0	0	0
10027	10	战斗开始3回合内攻防上升20%	0	0	1	1045	2000	1047	2000	1048	2000	0	0	0	0	0	0
10028	1	攻防下降10%，持续2个回合	0	0	1	1045	-1000	1047	-1000	1048	-1000	0	0	0	0	0	0
10028	2	攻防下降10%，持续2个回合	0	0	1	1045	-1000	1047	-1000	1048	-1000	0	0	0	0	0	0
10028	3	攻防下降11%，持续2个回合	0	0	1	1045	-1100	1047	-1100	1048	-1100	0	0	0	0	0	0
10028	4	攻防下降12%，持续2个回合	0	0	1	1045	-1200	1047	-1200	1048	-1200	0	0	0	0	0	0
10028	5	攻防下降14%，持续2个回合	0	0	1	1045	-1400	1047	-1400	1048	-1400	0	0	0	0	0	0
10028	6	攻防下降15%，持续2个回合	0	0	1	1045	-1500	1047	-1500	1048	-1500	0	0	0	0	0	0
10028	7	攻防下降15%，持续2个回合	0	0	1	1045	-1500	1047	-1500	1048	-1500	0	0	0	0	0	0
10028	8	攻防下降15%，持续2个回合	0	0	1	1045	-1500	1047	-1500	1048	-1500	0	0	0	0	0	0
10028	9	攻防下降15%，持续2个回合	0	0	1	1045	-1500	1047	-1500	1048	-1500	0	0	0	0	0	0
10028	10	攻防下降15%，持续2个回合	0	0	1	1045	-1500	1047	-1500	1048	-1500	0	0	0	0	0	0
10029	1	攻击力上升5%	0	0	1	1045	500	0	0	0	0	0	0	0	0	0	0
10029	2	攻击力上升5%	0	0	1	1045	500	0	0	0	0	0	0	0	0	0	0
10029	3	攻击力上升5%	0	0	1	1045	500	0	0	0	0	0	0	0	0	0	0
10029	4	攻击力上升5%	0	0	1	1045	500	0	0	0	0	0	0	0	0	0	0
10029	5	攻击力上升5%	0	0	1	1045	500	0	0	0	0	0	0	0	0	0	0
10029	6	攻击力上升5%	0	0	1	1045	500	0	0	0	0	0	0	0	0	0	0
10029	7	攻击力上升5%	0	0	1	1045	500	0	0	0	0	0	0	0	0	0	0
10029	8	攻击力上升5%	0	0	1	1045	500	0	0	0	0	0	0	0	0	0	0
10029	9	攻击力上升5%	0	0	1	1045	500	0	0	0	0	0	0	0	0	0	0
10029	10	攻击力上升5%	0	0	1	1045	500	0	0	0	0	0	0	0	0	0	0
10030	1	法术防御提高30%持续2回合	0	0	1	1048	3000	0	0	0	0	0	0	0	0	0	0
10030	2	法术防御提高35%持续2回合	0	0	1	1048	3500	0	0	0	0	0	0	0	0	0	0
10030	3	法术防御提高39%持续2回合	0	0	1	1048	3900	0	0	0	0	0	0	0	0	0	0
10030	4	法术防御提高46%持续2回合	0	0	1	1048	4600	0	0	0	0	0	0	0	0	0	0
10030	5	法术防御提高52%持续2回合	0	0	1	1048	5200	0	0	0	0	0	0	0	0	0	0
10030	6	法术防御提高60%持续2回合	0	0	1	1048	6000	0	0	0	0	0	0	0	0	0	0
10030	7	法术防御提高60%持续2回合	0	0	1	1048	6000	0	0	0	0	0	0	0	0	0	0
10030	8	法术防御提高60%持续2回合	0	0	1	1048	6000	0	0	0	0	0	0	0	0	0	0
10030	9	法术防御提高60%持续2回合	0	0	1	1048	6000	0	0	0	0	0	0	0	0	0	0
10030	10	法术防御提高60%持续2回合	0	0	1	1048	6000	0	0	0	0	0	0	0	0	0	0
10031	1	击晕目标	0	0	1	0	0	0	0	0	0	0	0	0	0	0	0
10031	2	击晕目标	0	0	1	0	0	0	0	0	0	0	0	0	0	0	0
10031	3	击晕目标	0	0	1	0	0	0	0	0	0	0	0	0	0	0	0
10031	4	击晕目标	0	0	1	0	0	0	0	0	0	0	0	0	0	0	0
10031	5	击晕目标	0	0	1	0	0	0	0	0	0	0	0	0	0	0	0
10031	6	击晕目标	0	0	1	0	0	0	0	0	0	0	0	0	0	0	0
10031	7	击晕目标	0	0	1	0	0	0	0	0	0	0	0	0	0	0	0
10031	8	击晕目标	0	0	1	0	0	0	0	0	0	0	0	0	0	0	0
10031	9	击晕目标	0	0	1	0	0	0	0	0	0	0	0	0	0	0	0
10031	10	击晕目标	0	0	1	0	0	0	0	0	0	0	0	0	0	0	0
10032	1	攻防上升8%	73223	0	1.2	65	800	66	800	1047	800	1048	800	0	0	0	0
10032	2	攻防上升9.6%	73223	0	1.2	65	960	66	960	1047	960	1048	960	0	0	0	0
10032	3	攻防上升11.5%	73223	0	1.2	65	1150	66	1150	1047	1150	1048	1150	0	0	0	0
10032	4	攻防上升13.8%	73223	0	1.2	65	1380	66	1380	1047	1380	1048	1380	0	0	0	0
10032	5	攻防上升16.6%	73223	0	1.2	65	1660	66	1660	1047	1660	1048	1660	0	0	0	0
10032	6	攻防上升20%	73223	0	1.2	65	2000	66	2000	1047	2000	1048	2000	0	0	0	0
10032	7	攻防上升20%	73223	0	1.2	65	2000	66	2000	1047	2000	1048	2000	0	0	0	0
10032	8	攻防上升20%	73223	0	1.2	65	2000	66	2000	1047	2000	1048	2000	0	0	0	0
10032	9	攻防上升20%	73223	0	1.2	65	2000	66	2000	1047	2000	1048	2000	0	0	0	0
10032	10	攻防上升20%	73223	0	1.2	65	2000	66	2000	1047	2000	1048	2000	0	0	0	0
10033	1	伤害减免15%	0	0	1	1071	1500	1072	1500	0	0	0	0	0	0	0	0
10033	2	伤害减免19%	0	0	1	1071	1900	1072	1900	0	0	0	0	0	0	0	0
10033	3	伤害减免24%	0	0	1	1071	2400	1072	2400	0	0	0	0	0	0	0	0
10033	4	伤害减免31%	0	0	1	1071	3100	1072	3100	0	0	0	0	0	0	0	0
10033	5	伤害减免40%	0	0	1	1071	4000	1072	4000	0	0	0	0	0	0	0	0
10033	6	伤害减免50%	0	0	1	1071	5000	1072	5000	0	0	0	0	0	0	0	0
10033	7	伤害减免50%	0	0	1	1071	5000	1072	5000	0	0	0	0	0	0	0	0
10033	8	伤害减免50%	0	0	1	1071	5000	1072	5000	0	0	0	0	0	0	0	0
10033	9	伤害减免50%	0	0	1	1071	5000	1072	5000	0	0	0	0	0	0	0	0
10033	10	伤害减免50%	0	0	1	1071	5000	1072	5000	0	0	0	0	0	0	0	0
10034	1	防御增加4%	0	0	1	1047	400	1048	400	0	0	0	0	0	0	0	0
10034	2	防御增加8%	0	0	1	1047	800	1048	800	0	0	0	0	0	0	0	0
10034	3	防御增加12%	0	0	1	1047	1200	1048	1200	0	0	0	0	0	0	0	0
10034	4	防御增加16%	0	0	1	1047	1600	1048	1600	0	0	0	0	0	0	0	0
10034	5	防御增加20%	0	0	1	1047	2000	1048	2000	0	0	0	0	0	0	0	0
10034	6	防御增加24%	0	0	1	1047	2400	1048	2400	0	0	0	0	0	0	0	0
10034	7	防御增加28%	0	0	1	1047	2800	1048	2800	0	0	0	0	0	0	0	0
10034	8	防御增加32%	0	0	1	1047	3200	1048	3200	0	0	0	0	0	0	0	0
10034	9	防御增加36%	0	0	1	1047	3600	1048	3600	0	0	0	0	0	0	0	0
10034	10	防御增加40%	0	0	1	1047	4000	1048	4000	0	0	0	0	0	0	0	0
20001	1	2回合内持续受到伤害\n相当于技能伤害的50%	0	0	1	0	0	0	0	0	0	0	0	0	0	0	0
20001	2	2回合内持续受到伤害\n相当于技能伤害的55%	0	0	1	0	0	0	0	0	0	0	0	0	0	0	0
20001	3	2回合内持续受到伤害\n相当于技能伤害的60%	0	0	1	0	0	0	0	0	0	0	0	0	0	0	0
20001	4	2回合内持续受到伤害\n相当于技能伤害的65%	0	0	1	0	0	0	0	0	0	0	0	0	0	0	0
20001	5	2回合内持续受到伤害\n相当于技能伤害的70%	0	0	1	0	0	0	0	0	0	0	0	0	0	0	0
20001	6	2回合内持续受到伤害\n相当于技能伤害的75%	0	0	1	0	0	0	0	0	0	0	0	0	0	0	0
20001	7	2回合内持续受到伤害\n相当于技能伤害的80%	0	0	1	0	0	0	0	0	0	0	0	0	0	0	0
20001	8	2回合内持续受到伤害\n相当于技能伤害的85%	0	0	1	0	0	0	0	0	0	0	0	0	0	0	0
20001	9	2回合内持续受到伤害\n相当于技能伤害的90%	0	0	1	0	0	0	0	0	0	0	0	0	0	0	0
20001	10	2回合内持续受到伤害\n相当于技能伤害的100%	0	0	1	0	0	0	0	0	0	0	0	0	0	0	0
20002	1	2回合内持续受到伤害\n相当于技能伤害的50%	0	0	1	0	0	0	0	0	0	0	0	0	0	0	0
20002	2	2回合内持续受到伤害\n相当于技能伤害的55%	0	0	1	0	0	0	0	0	0	0	0	0	0	0	0
20002	3	2回合内持续受到伤害\n相当于技能伤害的60%	0	0	1	0	0	0	0	0	0	0	0	0	0	0	0
20002	4	2回合内持续受到伤害\n相当于技能伤害的65%	0	0	1	0	0	0	0	0	0	0	0	0	0	0	0
20002	5	2回合内持续受到伤害\n相当于技能伤害的70%	0	0	1	0	0	0	0	0	0	0	0	0	0	0	0
20002	6	2回合内持续受到伤害\n相当于技能伤害的75%	0	0	1	0	0	0	0	0	0	0	0	0	0	0	0
20002	7	2回合内持续受到伤害\n相当于技能伤害的80%	0	0	1	0	0	0	0	0	0	0	0	0	0	0	0
20002	8	2回合内持续受到伤害\n相当于技能伤害的85%	0	0	1	0	0	0	0	0	0	0	0	0	0	0	0
20002	9	2回合内持续受到伤害\n相当于技能伤害的90%	0	0	1	0	0	0	0	0	0	0	0	0	0	0	0
20002	10	2回合内持续受到伤害\n相当于技能伤害的100%	0	0	1	0	0	0	0	0	0	0	0	0	0	0	0
20003	1	冻结2回合无法行动	0	0	1	0	0	0	0	0	0	0	0	0	0	0	0
20003	2	冻结2回合无法行动	0	0	1	0	0	0	0	0	0	0	0	0	0	0	0
20003	3	冻结2回合无法行动	0	0	1	0	0	0	0	0	0	0	0	0	0	0	0
20003	4	冻结2回合无法行动	0	0	1	0	0	0	0	0	0	0	0	0	0	0	0
20003	5	冻结2回合无法行动	0	0	1	0	0	0	0	0	0	0	0	0	0	0	0
20003	6	冻结2回合无法行动	0	0	1	0	0	0	0	0	0	0	0	0	0	0	0
20003	7	冻结2回合无法行动	0	0	1	0	0	0	0	0	0	0	0	0	0	0	0
20003	8	冻结2回合无法行动	0	0	1	0	0	0	0	0	0	0	0	0	0	0	0
20003	9	冻结2回合无法行动	0	0	1	0	0	0	0	0	0	0	0	0	0	0	0
20003	10	冻结2回合无法行动	0	0	1	0	0	0	0	0	0	0	0	0	0	0	0
20004	1	麻痹2回合无法行动	0	0	1	0	0	0	0	0	0	0	0	0	0	0	0
20004	2	麻痹2回合无法行动	0	0	1	0	0	0	0	0	0	0	0	0	0	0	0
20004	3	麻痹2回合无法行动	0	0	1	0	0	0	0	0	0	0	0	0	0	0	0
20004	4	麻痹2回合无法行动	0	0	1	0	0	0	0	0	0	0	0	0	0	0	0
20004	5	麻痹2回合无法行动	0	0	1	0	0	0	0	0	0	0	0	0	0	0	0
20004	6	麻痹2回合无法行动	0	0	1	0	0	0	0	0	0	0	0	0	0	0	0
20004	7	麻痹2回合无法行动	0	0	1	0	0	0	0	0	0	0	0	0	0	0	0
20004	8	麻痹2回合无法行动	0	0	1	0	0	0	0	0	0	0	0	0	0	0	0
20004	9	麻痹2回合无法行动	0	0	1	0	0	0	0	0	0	0	0	0	0	0	0
20004	10	麻痹2回合无法行动	0	0	1	0	0	0	0	0	0	0	0	0	0	0	0
20005	1	束缚2回合无法行动	0	0	1	0	0	0	0	0	0	0	0	0	0	0	0
20005	2	束缚2回合无法行动	0	0	1	0	0	0	0	0	0	0	0	0	0	0	0
20005	3	束缚2回合无法行动	0	0	1	0	0	0	0	0	0	0	0	0	0	0	0
20005	4	束缚2回合无法行动	0	0	1	0	0	0	0	0	0	0	0	0	0	0	0
20005	5	束缚2回合无法行动	0	0	1	0	0	0	0	0	0	0	0	0	0	0	0
20005	6	束缚2回合无法行动	0	0	1	0	0	0	0	0	0	0	0	0	0	0	0
20005	7	束缚2回合无法行动	0	0	1	0	0	0	0	0	0	0	0	0	0	0	0
20005	8	束缚2回合无法行动	0	0	1	0	0	0	0	0	0	0	0	0	0	0	0
20005	9	束缚2回合无法行动	0	0	1	0	0	0	0	0	0	0	0	0	0	0	0
20005	10	束缚2回合无法行动	0	0	1	0	0	0	0	0	0	0	0	0	0	0	0
20006	1	防御下降12%	0	0	1	1047	-1200	1048	-1200	0	0	0	0	0	0	0	0
20006	2	防御下降14%	0	0	1	1047	-1400	1048	-1400	0	0	0	0	0	0	0	0
20006	3	防御下降16%	0	0	1	1047	-1600	1048	-1600	0	0	0	0	0	0	0	0
20006	4	防御下降18%	0	0	1	1047	-1800	1048	-1800	0	0	0	0	0	0	0	0
20006	5	防御下降20%	0	0	1	1047	-2000	1048	-2000	0	0	0	0	0	0	0	0
20006	6	防御下降22%	0	0	1	1047	-2200	1048	-2200	0	0	0	0	0	0	0	0
20006	7	防御下降24%	0	0	1	1047	-2400	1048	-2400	0	0	0	0	0	0	0	0
20006	8	防御下降26%	0	0	1	1047	-2600	1048	-2600	0	0	0	0	0	0	0	0
20006	9	防御下降28%	0	0	1	1047	-2800	1048	-2800	0	0	0	0	0	0	0	0
20006	10	防御下降30%	0	0	1	1047	-3000	1048	-3000	0	0	0	0	0	0	0	0
20007	1	回避下降12%	0	0	1	1046	-1200	0	0	0	0	0	0	0	0	0	0
20007	2	回避下降14%	0	0	1	1046	-1400	0	0	0	0	0	0	0	0	0	0
20007	3	回避下降16%	0	0	1	1046	-1600	0	0	0	0	0	0	0	0	0	0
20007	4	回避下降18%	0	0	1	1046	-1800	0	0	0	0	0	0	0	0	0	0
20007	5	回避下降20%	0	0	1	1046	-2000	0	0	0	0	0	0	0	0	0	0
20007	6	回避下降22%	0	0	1	1046	-2200	0	0	0	0	0	0	0	0	0	0
20007	7	回避下降24%	0	0	1	1046	-2400	0	0	0	0	0	0	0	0	0	0
20007	8	回避下降26%	0	0	1	1046	-2600	0	0	0	0	0	0	0	0	0	0
20007	9	回避下降28%	0	0	1	1046	-2800	0	0	0	0	0	0	0	0	0	0
20007	10	回避下降30%	0	0	1	1046	-3000	0	0	0	0	0	0	0	0	0	0
21001	1	目标死亡前不会停止燃烧	0	0	1	0	0	0	0	0	0	0	0	0	0	0	0
21001	2	目标死亡前不会停止燃烧	0	0	1	0	0	0	0	0	0	0	0	0	0	0	0
21001	3	目标死亡前不会停止燃烧	0	0	1	0	0	0	0	0	0	0	0	0	0	0	0
21001	4	目标死亡前不会停止燃烧	0	0	1	0	0	0	0	0	0	0	0	0	0	0	0
21001	5	目标死亡前不会停止燃烧	0	0	1	0	0	0	0	0	0	0	0	0	0	0	0
21001	6	目标死亡前不会停止燃烧	0	0	1	0	0	0	0	0	0	0	0	0	0	0	0
21001	7	目标死亡前不会停止燃烧	0	0	1	0	0	0	0	0	0	0	0	0	0	0	0
21001	8	目标死亡前不会停止燃烧	0	0	1	0	0	0	0	0	0	0	0	0	0	0	0
21001	9	目标死亡前不会停止燃烧	0	0	1	0	0	0	0	0	0	0	0	0	0	0	0
21001	10	目标死亡前不会停止燃烧	0	0	1	0	0	0	0	0	0	0	0	0	0	0	0
30001	1	防御下降15%	0	0	1	1047	-1500	1048	-1500	0	0	0	0	0	0	0	0
30001	2	防御下降15%	0	0	1	1047	-1500	1048	-1500	0	0	0	0	0	0	0	0
30001	3	防御下降15%	0	0	1	1047	-1500	1048	-1500	0	0	0	0	0	0	0	0
30001	4	防御下降15%	0	0	1	1047	-1500	1048	-1500	0	0	0	0	0	0	0	0
30001	5	防御下降15%	0	0	1	1047	-1500	1048	-1500	0	0	0	0	0	0	0	0
30001	6	防御下降15%	0	0	1	1047	-1500	1048	-1500	0	0	0	0	0	0	0	0
30001	7	防御下降15%	0	0	1	1047	-1500	1048	-1500	0	0	0	0	0	0	0	0
30001	8	防御下降15%	0	0	1	1047	-1500	1048	-1500	0	0	0	0	0	0	0	0
30001	9	防御下降15%	0	0	1	1047	-1500	1048	-1500	0	0	0	0	0	0	0	0
30001	10	防御下降15%	0	0	1	1047	-1500	1048	-1500	0	0	0	0	0	0	0	0
30002	1	防御下降30%	0	0	1	1047	-3000	1048	-3000	0	0	0	0	0	0	0	0
30002	2	防御下降30%	0	0	1	1047	-3000	1048	-3000	0	0	0	0	0	0	0	0
30002	3	防御下降30%	0	0	1	1047	-3000	1048	-3000	0	0	0	0	0	0	0	0
30002	4	防御下降30%	0	0	1	1047	-3000	1048	-3000	0	0	0	0	0	0	0	0
30002	5	防御下降30%	0	0	1	1047	-3000	1048	-3000	0	0	0	0	0	0	0	0
30002	6	防御下降30%	0	0	1	1047	-3000	1048	-3000	0	0	0	0	0	0	0	0
30002	7	防御下降30%	0	0	1	1047	-3000	1048	-3000	0	0	0	0	0	0	0	0
30002	8	防御下降30%	0	0	1	1047	-3000	1048	-3000	0	0	0	0	0	0	0	0
30002	9	防御下降30%	0	0	1	1047	-3000	1048	-3000	0	0	0	0	0	0	0	0
30002	10	防御下降30%	0	0	1	1047	-3000	1048	-3000	0	0	0	0	0	0	0	0
30003	1	杀气下降20点	0	0	1	44	-20	0	0	0	0	0	0	0	0	0	0
30003	2	杀气下降70点	0	0	1	44	-70	0	0	0	0	0	0	0	0	0	0
30003	3	杀气下降20点	0	0	1	44	-20	0	0	0	0	0	0	0	0	0	0
30003	4	杀气下降70点	0	0	1	44	-70	0	0	0	0	0	0	0	0	0	0
30003	5	杀气下降20点	0	0	1	44	-20	0	0	0	0	0	0	0	0	0	0
30003	6	杀气下降70点	0	0	1	44	-70	0	0	0	0	0	0	0	0	0	0
30003	7	杀气下降20点	0	0	1	44	-20	0	0	0	0	0	0	0	0	0	0
30003	8	杀气下降70点	0	0	1	44	-70	0	0	0	0	0	0	0	0	0	0
30003	9	杀气下降20点	0	0	1	44	-20	0	0	0	0	0	0	0	0	0	0
30003	10	杀气下降70点	0	0	1	44	-70	0	0	0	0	0	0	0	0	0	0
30004	1	2回内无法聚集怒气	0	0	1	1043	-10000	0	0	0	0	0	0	0	0	0	0
30004	2	2回内无法聚集怒气	0	0	1	1043	-10000	0	0	0	0	0	0	0	0	0	0
30004	3	2回内无法聚集怒气	0	0	1	1043	-10000	0	0	0	0	0	0	0	0	0	0
30004	4	2回内无法聚集怒气	0	0	1	1043	-10000	0	0	0	0	0	0	0	0	0	0
30004	5	2回内无法聚集怒气	0	0	1	1043	-10000	0	0	0	0	0	0	0	0	0	0
30004	6	2回内无法聚集怒气	0	0	1	1043	-10000	0	0	0	0	0	0	0	0	0	0
30004	7	2回内无法聚集怒气	0	0	1	1043	-10000	0	0	0	0	0	0	0	0	0	0
30004	8	2回内无法聚集怒气	0	0	1	1043	-10000	0	0	0	0	0	0	0	0	0	0
30004	9	2回内无法聚集怒气	0	0	1	1043	-10000	0	0	0	0	0	0	0	0	0	0
30004	10	2回内无法聚集怒气	0	0	1	1043	-10000	0	0	0	0	0	0	0	0	0	0
30005	1	2回合内造成流血效果\n总伤害为技能伤害的50%	0	0	1	0	0	0	0	0	0	0	0	0	0	0	0
30005	2	2回合内造成流血效果\n总伤害为技能伤害的50%	0	0	1	0	0	0	0	0	0	0	0	0	0	0	0
30005	3	2回合内造成流血效果\n总伤害为技能伤害的50%	0	0	1	0	0	0	0	0	0	0	0	0	0	0	0
30005	4	2回合内造成流血效果\n总伤害为技能伤害的50%	0	0	1	0	0	0	0	0	0	0	0	0	0	0	0
30005	5	2回合内造成流血效果\n总伤害为技能伤害的50%	0	0	1	0	0	0	0	0	0	0	0	0	0	0	0
30005	6	2回合内造成流血效果\n总伤害为技能伤害的50%	0	0	1	0	0	0	0	0	0	0	0	0	0	0	0
30005	7	2回合内造成流血效果\n总伤害为技能伤害的50%	0	0	1	0	0	0	0	0	0	0	0	0	0	0	0
30005	8	2回合内造成流血效果\n总伤害为技能伤害的50%	0	0	1	0	0	0	0	0	0	0	0	0	0	0	0
30005	9	2回合内造成流血效果\n总伤害为技能伤害的50%	0	0	1	0	0	0	0	0	0	0	0	0	0	0	0
30005	10	2回合内造成流血效果\n总伤害为技能伤害的50%	0	0	1	0	0	0	0	0	0	0	0	0	0	0	0
30006	1	攻击力下降50%	0	0	1	65	-5000	66	-5000	0	0	0	0	0	0	0	0
30006	2	攻击力下降50%	0	0	1	65	-5000	66	-5000	0	0	0	0	0	0	0	0
30006	3	攻击力下降50%	0	0	1	65	-5000	66	-5000	0	0	0	0	0	0	0	0
30006	4	攻击力下降50%	0	0	1	65	-5000	66	-5000	0	0	0	0	0	0	0	0
30006	5	攻击力下降50%	0	0	1	65	-5000	66	-5000	0	0	0	0	0	0	0	0
30006	6	攻击力下降50%	0	0	1	65	-5000	66	-5000	0	0	0	0	0	0	0	0
30006	7	攻击力下降50%	0	0	1	65	-5000	66	-5000	0	0	0	0	0	0	0	0
30006	8	攻击力下降50%	0	0	1	65	-5000	66	-5000	0	0	0	0	0	0	0	0
30006	9	攻击力下降50%	0	0	1	65	-5000	66	-5000	0	0	0	0	0	0	0	0
30006	10	攻击力下降50%	0	0	1	65	-5000	66	-5000	0	0	0	0	0	0	0	0
30007	1	2回合内命中下降50%	0	0	1	55	-5000	0	0	0	0	0	0	0	0	0	0
30007	2	2回合内命中下降50%	0	0	1	55	-5000	0	0	0	0	0	0	0	0	0	0
30007	3	2回合内命中下降50%	0	0	1	55	-5000	0	0	0	0	0	0	0	0	0	0
30007	4	2回合内命中下降50%	0	0	1	55	-5000	0	0	0	0	0	0	0	0	0	0
30007	5	2回合内命中下降50%	0	0	1	55	-5000	0	0	0	0	0	0	0	0	0	0
30007	6	2回合内命中下降50%	0	0	1	55	-5000	0	0	0	0	0	0	0	0	0	0
30007	7	2回合内命中下降50%	0	0	1	55	-5000	0	0	0	0	0	0	0	0	0	0
30007	8	2回合内命中下降50%	0	0	1	55	-5000	0	0	0	0	0	0	0	0	0	0
30007	9	2回合内命中下降50%	0	0	1	55	-5000	0	0	0	0	0	0	0	0	0	0
30007	10	2回合内命中下降50%	0	0	1	55	-5000	0	0	0	0	0	0	0	0	0	0
41003	1	暴击率上升%	0	0	1	49	1000	0	0	0	0	0	0	0	0	0	0
41003	2	暴击率上升%	0	0	1	49	1000	0	0	0	0	0	0	0	0	0	0
41003	3	暴击率上升%	0	0	1	49	1000	0	0	0	0	0	0	0	0	0	0
41003	4	暴击率上升%	0	0	1	49	1000	0	0	0	0	0	0	0	0	0	0
41003	5	暴击率上升%	0	0	1	49	1000	0	0	0	0	0	0	0	0	0	0
41003	6	暴击率上升%	0	0	1	49	1000	0	0	0	0	0	0	0	0	0	0
41003	7	暴击率上升%	0	0	1	49	1000	0	0	0	0	0	0	0	0	0	0
41003	8	暴击率上升%	0	0	1	49	1000	0	0	0	0	0	0	0	0	0	0
41003	9	暴击率上升%	0	0	1	49	1000	0	0	0	0	0	0	0	0	0	0
41003	10	暴击率上升%	0	0	1	49	1000	0	0	0	0	0	0	0	0	0	0
41005	1	2回合内回避下降20%	0	0	1	55	-5000	0	0	0	0	0	0	0	0	0	0
41005	2	2回合内回避下降20%	0	0	1	55	-5000	0	0	0	0	0	0	0	0	0	0
41005	3	2回合内回避下降20%	0	0	1	55	-5000	0	0	0	0	0	0	0	0	0	0
41005	4	2回合内回避下降20%	0	0	1	55	-5000	0	0	0	0	0	0	0	0	0	0
41005	5	2回合内回避下降20%	0	0	1	55	-5000	0	0	0	0	0	0	0	0	0	0
41005	6	2回合内回避下降20%	0	0	1	55	-5000	0	0	0	0	0	0	0	0	0	0
41005	7	2回合内回避下降20%	0	0	1	55	-5000	0	0	0	0	0	0	0	0	0	0
41005	8	2回合内回避下降20%	0	0	1	55	-5000	0	0	0	0	0	0	0	0	0	0
41005	9	2回合内回避下降20%	0	0	1	55	-5000	0	0	0	0	0	0	0	0	0	0
41005	10	2回合内回避下降20%	0	0	1	55	-5000	0	0	0	0	0	0	0	0	0	0
80001	1	血量低于30%时，回避上升30%,持续2个回合。一场战斗只能触发1次。	0	0	1	0	0	0	0	0	0	0	0	0	0	0	0
80001	2	血量低于30%时，回避上升32%,持续2个回合。一场战斗只能触发1次。	0	0	1	0	0	0	0	0	0	0	0	0	0	0	0
80001	3	血量低于30%时，回避上升34%,持续2个回合。一场战斗只能触发1次。	0	0	1	0	0	0	0	0	0	0	0	0	0	0	0
80001	4	血量低于30%时，回避上升36%,持续2个回合。一场战斗只能触发1次。	0	0	1	0	0	0	0	0	0	0	0	0	0	0	0
80001	5	血量低于30%时，回避上升38%,持续2个回合。一场战斗只能触发1次。	0	0	1	0	0	0	0	0	0	0	0	0	0	0	0
80001	6	血量低于30%时，回避上升40%,持续2个回合。一场战斗只能触发1次。	0	0	1	0	0	0	0	0	0	0	0	0	0	0	0
80001	7	血量低于30%时，回避上升40%,持续2个回合。一场战斗只能触发1次。	0	0	1	0	0	0	0	0	0	0	0	0	0	0	0
80001	8	血量低于30%时，回避上升40%,持续2个回合。一场战斗只能触发1次。	0	0	1	0	0	0	0	0	0	0	0	0	0	0	0
80001	9	血量低于30%时，回避上升40%,持续2个回合。一场战斗只能触发1次。	0	0	1	0	0	0	0	0	0	0	0	0	0	0	0
80001	10	血量低于30%时，回避上升40%,持续2个回合。一场战斗只能触发1次。	0	0	1	0	0	0	0	0	0	0	0	0	0	0	0
80002	1	血量低于50%时,法术防御上升30%	0	0	1	0	0	0	0	0	0	0	0	0	0	0	0
80002	2	血量低于50%时,法术防御上升32%	0	0	1	0	0	0	0	0	0	0	0	0	0	0	0
80002	3	血量低于50%时,法术防御上升34%	0	0	1	0	0	0	0	0	0	0	0	0	0	0	0
80002	4	血量低于50%时,法术防御上升36%	0	0	1	0	0	0	0	0	0	0	0	0	0	0	0
80002	5	血量低于50%时,法术防御上升38%	0	0	1	0	0	0	0	0	0	0	0	0	0	0	0
80002	6	血量低于50%时,法术防御上升40%	0	0	1	0	0	0	0	0	0	0	0	0	0	0	0
80002	7	血量低于50%时,法术防御上升40%	0	0	1	0	0	0	0	0	0	0	0	0	0	0	0
80002	8	血量低于50%时,法术防御上升40%	0	0	1	0	0	0	0	0	0	0	0	0	0	0	0
80002	9	血量低于50%时,法术防御上升40%	0	0	1	0	0	0	0	0	0	0	0	0	0	0	0
80002	10	血量低于50%时,法术防御上升40%	0	0	1	0	0	0	0	0	0	0	0	0	0	0	0
80003	1	魔法伤害减免5%	0	0	1	72	500	0	0	0	0	0	0	0	0	0	0
80003	2	魔法伤害减免6%	0	0	1	72	600	0	0	0	0	0	0	0	0	0	0
80003	3	魔法伤害减免7%	0	0	1	72	700	0	0	0	0	0	0	0	0	0	0
80003	4	魔法伤害减免8%	0	0	1	72	800	0	0	0	0	0	0	0	0	0	0
80003	5	魔法伤害减免9%	0	0	1	72	900	0	0	0	0	0	0	0	0	0	0
80003	6	魔法伤害减免10%	0	0	1	72	1000	0	0	0	0	0	0	0	0	0	0
80003	7	魔法伤害减免10%	0	0	1	72	1000	0	0	0	0	0	0	0	0	0	0
80003	8	魔法伤害减免10%	0	0	1	72	1000	0	0	0	0	0	0	0	0	0	0
80003	9	魔法伤害减免10%	0	0	1	72	1000	0	0	0	0	0	0	0	0	0	0
80003	10	魔法伤害减免10%	0	0	1	72	1000	0	0	0	0	0	0	0	0	0	0
80004	1	战斗开始3回合内攻防上升10%,3回合后攻防下降10%，持续2个回合	0	0	1	0	0	0	0	0	0	0	0	0	0	0	0
80004	2	战斗开始3回合内攻防上升11%,3回合后攻防下降10%，持续2个回合	0	0	1	0	0	0	0	0	0	0	0	0	0	0	0
80004	3	战斗开始3回合内攻防上升13%,3回合后攻防下降11%，持续2个回合	0	0	1	0	0	0	0	0	0	0	0	0	0	0	0
80004	4	战斗开始3回合内攻防上升15%,3回合后攻防下降12%，持续2个回合	0	0	1	0	0	0	0	0	0	0	0	0	0	0	0
80004	5	战斗开始3回合内攻防上升17%,3回合后攻防下降14%，持续2个回合	0	0	1	0	0	0	0	0	0	0	0	0	0	0	0
80004	6	战斗开始3回合内攻防上升20%,3回合后攻防下降15%，持续2个回合	0	0	1	0	0	0	0	0	0	0	0	0	0	0	0
80004	7	战斗开始3回合内攻防上升20%,3回合后攻防下降15%，持续2个回合	0	0	1	0	0	0	0	0	0	0	0	0	0	0	0
80004	8	战斗开始3回合内攻防上升20%,3回合后攻防下降15%，持续2个回合	0	0	1	0	0	0	0	0	0	0	0	0	0	0	0
80004	9	战斗开始3回合内攻防上升20%,3回合后攻防下降15%，持续2个回合	0	0	1	0	0	0	0	0	0	0	0	0	0	0	0
80004	10	战斗开始3回合内攻防上升20%,3回合后攻防下降15%，持续2个回合	0	0	1	0	0	0	0	0	0	0	0	0	0	0	0
80005	1	免疫心神类法术	0	0	1	0	0	0	0	0	0	0	0	0	0	0	0
80005	2	免疫心神类法术	0	0	1	0	0	0	0	0	0	0	0	0	0	0	0
80005	3	免疫心神类法术	0	0	1	0	0	0	0	0	0	0	0	0	0	0	0
80005	4	免疫心神类法术	0	0	1	0	0	0	0	0	0	0	0	0	0	0	0
80005	5	免疫心神类法术	0	0	1	0	0	0	0	0	0	0	0	0	0	0	0
80005	6	免疫心神类法术	0	0	1	0	0	0	0	0	0	0	0	0	0	0	0
80005	7	免疫心神类法术	0	0	1	0	0	0	0	0	0	0	0	0	0	0	0
80005	8	免疫心神类法术	0	0	1	0	0	0	0	0	0	0	0	0	0	0	0
80005	9	免疫心神类法术	0	0	1	0	0	0	0	0	0	0	0	0	0	0	0
80005	10	免疫心神类法术	0	0	1	0	0	0	0	0	0	0	0	0	0	0	0
80006	1	免疫所有异常状态，生命值小于30%时获得防御上升10%效果	0	0	1	0	0	0	0	0	0	0	0	0	0	0	0
80006	2	免疫所有异常状态，生命值小于30%时获得防御上升13%效果	0	0	1	0	0	0	0	0	0	0	0	0	0	0	0
80006	3	免疫所有异常状态，生命值小于30%时获得防御上升16%效果	0	0	1	0	0	0	0	0	0	0	0	0	0	0	0
80006	4	免疫所有异常状态，生命值小于30%时获得防御上升19%效果	0	0	1	0	0	0	0	0	0	0	0	0	0	0	0
80006	5	免疫所有异常状态，生命值小于30%时获得防御上升24%效果	0	0	1	0	0	0	0	0	0	0	0	0	0	0	0
80006	6	免疫所有异常状态，生命值小于30%时获得防御上升30%效果	0	0	1	0	0	0	0	0	0	0	0	0	0	0	0
80006	7	免疫所有异常状态，生命值小于30%时获得防御上升30%效果	0	0	1	0	0	0	0	0	0	0	0	0	0	0	0
80006	8	免疫所有异常状态，生命值小于30%时获得防御上升30%效果	0	0	1	0	0	0	0	0	0	0	0	0	0	0	0
80006	9	免疫所有异常状态，生命值小于30%时获得防御上升30%效果	0	0	1	0	0	0	0	0	0	0	0	0	0	0	0
80006	10	免疫所有异常状态，生命值小于30%时获得防御上升30%效果	0	0	1	0	0	0	0	0	0	0	0	0	0	0	0
80007	1	受到攻击，有15%概率伤害上升8%，最多叠加3层,持续一个回合	0	0	1	0	0	0	0	0	0	0	0	0	0	0	0
80007	2	受到攻击，有19%概率伤害上升8%，最多叠加3层,持续一个回合	0	0	1	0	0	0	0	0	0	0	0	0	0	0	0
80007	3	受到攻击，有24%概率伤害上升8%，最多叠加3层,持续一个回合	0	0	1	0	0	0	0	0	0	0	0	0	0	0	0
80007	4	受到攻击，有31%概率伤害上升8%，最多叠加3层,持续一个回合	0	0	1	0	0	0	0	0	0	0	0	0	0	0	0
80007	5	受到攻击，有39%概率伤害上升8%，最多叠加3层,持续一个回合	0	0	1	0	0	0	0	0	0	0	0	0	0	0	0
80007	6	受到攻击，有50%概率伤害上升8%，最多叠加3层,持续一个回合	0	0	1	0	0	0	0	0	0	0	0	0	0	0	0
80007	7	受到攻击，有50%概率伤害上升8%，最多叠加3层,持续一个回合	0	0	1	0	0	0	0	0	0	0	0	0	0	0	0
80007	8	受到攻击，有50%概率伤害上升8%，最多叠加3层,持续一个回合	0	0	1	0	0	0	0	0	0	0	0	0	0	0	0
80007	9	受到攻击，有50%概率伤害上升8%，最多叠加3层,持续一个回合	0	0	1	0	0	0	0	0	0	0	0	0	0	0	0
80007	10	受到攻击，有50%概率伤害上升8%，最多叠加3层,持续一个回合	0	0	1	0	0	0	0	0	0	0	0	0	0	0	0
80008	1	每回合回复自身血量的1%,效果可以被驱散	0	0	1	0	0	0	0	0	0	0	0	0	0	0	0
80008	2	每回合回复自身血量的1.1%,效果可以被驱散	0	0	1	0	0	0	0	0	0	0	0	0	0	0	0
80008	3	每回合回复自身血量的1.3%,效果可以被驱散	0	0	1	0	0	0	0	0	0	0	0	0	0	0	0
80008	4	每回合回复自身血量的1.5%,效果可以被驱散	0	0	1	0	0	0	0	0	0	0	0	0	0	0	0
80008	5	每回合回复自身血量的1.7%,效果可以被驱散	0	0	1	0	0	0	0	0	0	0	0	0	0	0	0
80008	6	每回合回复自身血量的2%,效果可以被驱散	0	0	1	0	0	0	0	0	0	0	0	0	0	0	0
80008	7	每回合回复自身血量的2%,效果可以被驱散	0	0	1	0	0	0	0	0	0	0	0	0	0	0	0
80008	8	每回合回复自身血量的2%,效果可以被驱散	0	0	1	0	0	0	0	0	0	0	0	0	0	0	0
80008	9	每回合回复自身血量的2%,效果可以被驱散	0	0	1	0	0	0	0	0	0	0	0	0	0	0	0
80008	10	每回合回复自身血量的2%,效果可以被驱散	0	0	1	0	0	0	0	0	0	0	0	0	0	0	0
80009	1	受到攻击，有15%概率伤害上升8%，最多叠加3层,持续一个回合	0	0	1	0	0	0	0	0	0	0	0	0	0	0	0
80009	2	受到攻击，有19%概率伤害上升8%，最多叠加3层,持续一个回合	0	0	1	0	0	0	0	0	0	0	0	0	0	0	0
80009	3	受到攻击，有24%概率伤害上升8%，最多叠加3层,持续一个回合	0	0	1	0	0	0	0	0	0	0	0	0	0	0	0
80009	4	受到攻击，有31%概率伤害上升8%，最多叠加3层,持续一个回合	0	0	1	0	0	0	0	0	0	0	0	0	0	0	0
80009	5	受到攻击，有39%概率伤害上升8%，最多叠加3层,持续一个回合	0	0	1	0	0	0	0	0	0	0	0	0	0	0	0
80009	6	受到攻击，有50%概率伤害上升8%，最多叠加3层,持续一个回合	0	0	1	0	0	0	0	0	0	0	0	0	0	0	0
80009	7	受到攻击，有50%概率伤害上升8%，最多叠加3层,持续一个回合	0	0	1	0	0	0	0	0	0	0	0	0	0	0	0
80009	8	受到攻击，有50%概率伤害上升8%，最多叠加3层,持续一个回合	0	0	1	0	0	0	0	0	0	0	0	0	0	0	0
80009	9	受到攻击，有50%概率伤害上升8%，最多叠加3层,持续一个回合	0	0	1	0	0	0	0	0	0	0	0	0	0	0	0
80009	10	受到攻击，有50%概率伤害上升8%，最多叠加3层,持续一个回合	0	0	1	0	0	0	0	0	0	0	0	0	0	0	0
80010	1	亲手杀死目标可以回复自身生命的30%,并获得攻击力上10%效果持续2个回合	0	0	1	0	0	0	0	0	0	0	0	0	0	0	0
80010	2	亲手杀死目标可以回复自身生命的30%,并获得攻击力上10%效果持续3个回合	0	0	1	0	0	0	0	0	0	0	0	0	0	0	0
80010	3	亲手杀死目标可以回复自身生命的30%,并获得攻击力上10%效果持续4个回合	0	0	1	0	0	0	0	0	0	0	0	0	0	0	0
80010	4	亲手杀死目标可以回复自身生命的30%,并获得攻击力上10%效果持续5个回合	0	0	1	0	0	0	0	0	0	0	0	0	0	0	0
80010	5	亲手杀死目标可以回复自身生命的30%,并获得攻击力上10%效果持续6个回合	0	0	1	0	0	0	0	0	0	0	0	0	0	0	0
80010	6	亲手杀死目标可以回复自身生命的30%,并获得攻击力上10%效果持续7个回合	0	0	1	0	0	0	0	0	0	0	0	0	0	0	0
80010	7	亲手杀死目标可以回复自身生命的30%,并获得攻击力上10%效果持续8个回合	0	0	1	0	0	0	0	0	0	0	0	0	0	0	0
80010	8	亲手杀死目标可以回复自身生命的30%,并获得攻击力上10%效果持续9个回合	0	0	1	0	0	0	0	0	0	0	0	0	0	0	0
80010	9	亲手杀死目标可以回复自身生命的30%,并获得攻击力上10%效果持续10个回合	0	0	1	0	0	0	0	0	0	0	0	0	0	0	0
80010	10	亲手杀死目标可以回复自身生命的30%,并获得攻击力上10%效果持续11个回合	0	0	1	0	0	0	0	0	0	0	0	0	0	0	0
80011	1	死亡时对敌方阵营内一个单位造成伤害	0	0	1	0	0	0	0	0	0	0	0	0	0	0	0
80011	2	死亡时对敌方阵营内一个单位造成伤害	0	0	1	0	0	0	0	0	0	0	0	0	0	0	0
80011	3	死亡时对敌方阵营内一个单位造成伤害	0	0	1	0	0	0	0	0	0	0	0	0	0	0	0
80011	4	死亡时对敌方阵营内一个单位造成伤害	0	0	1	0	0	0	0	0	0	0	0	0	0	0	0
80011	5	死亡时对敌方阵营内一个单位造成伤害	0	0	1	0	0	0	0	0	0	0	0	0	0	0	0
80011	6	死亡时对敌方阵营内一个单位造成伤害	0	0	1	0	0	0	0	0	0	0	0	0	0	0	0
80011	7	死亡时对敌方阵营内一个单位造成伤害	0	0	1	0	0	0	0	0	0	0	0	0	0	0	0
80011	8	死亡时对敌方阵营内一个单位造成伤害	0	0	1	0	0	0	0	0	0	0	0	0	0	0	0
80011	9	死亡时对敌方阵营内一个单位造成伤害	0	0	1	0	0	0	0	0	0	0	0	0	0	0	0
80011	10	死亡时对敌方阵营内一个单位造成伤害	0	0	1	0	0	0	0	0	0	0	0	0	0	0	0
80012	1	血量低于50%时，或获得火焰护盾效果，持续2个回合，被攻击时反弹一部分伤害给攻击者	0	0	1	0	0	0	0	0	0	0	0	0	0	0	0
80012	2	血量低于50%时，或获得火焰护盾效果，持续2个回合，被攻击时反弹一部分伤害给攻击者	0	0	1	0	0	0	0	0	0	0	0	0	0	0	0
80012	3	血量低于50%时，或获得火焰护盾效果，持续2个回合，被攻击时反弹一部分伤害给攻击者	0	0	1	0	0	0	0	0	0	0	0	0	0	0	0
80012	4	血量低于50%时，或获得火焰护盾效果，持续2个回合，被攻击时反弹一部分伤害给攻击者	0	0	1	0	0	0	0	0	0	0	0	0	0	0	0
80012	5	血量低于50%时，或获得火焰护盾效果，持续2个回合，被攻击时反弹一部分伤害给攻击者	0	0	1	0	0	0	0	0	0	0	0	0	0	0	0
80012	6	血量低于50%时，或获得火焰护盾效果，持续2个回合，被攻击时反弹一部分伤害给攻击者	0	0	1	0	0	0	0	0	0	0	0	0	0	0	0
80012	7	血量低于50%时，或获得火焰护盾效果，持续2个回合，被攻击时反弹一部分伤害给攻击者	0	0	1	0	0	0	0	0	0	0	0	0	0	0	0
80012	8	血量低于50%时，或获得火焰护盾效果，持续2个回合，被攻击时反弹一部分伤害给攻击者	0	0	1	0	0	0	0	0	0	0	0	0	0	0	0
80012	9	血量低于50%时，或获得火焰护盾效果，持续2个回合，被攻击时反弹一部分伤害给攻击者	0	0	1	0	0	0	0	0	0	0	0	0	0	0	0
80012	10	血量低于50%时，或获得火焰护盾效果，持续2个回合，被攻击时反弹一部分伤害给攻击者	0	0	1	0	0	0	0	0	0	0	0	0	0	0	0
80013	1	攻击附带驱散目标有益效果	0	0	1	0	0	0	0	0	0	0	0	0	0	0	0
80013	2	攻击附带驱散目标有益效果	0	0	1	0	0	0	0	0	0	0	0	0	0	0	0
80013	3	攻击附带驱散目标有益效果	0	0	1	0	0	0	0	0	0	0	0	0	0	0	0
80013	4	攻击附带驱散目标有益效果	0	0	1	0	0	0	0	0	0	0	0	0	0	0	0
80013	5	攻击附带驱散目标有益效果	0	0	1	0	0	0	0	0	0	0	0	0	0	0	0
80013	6	攻击附带驱散目标有益效果	0	0	1	0	0	0	0	0	0	0	0	0	0	0	0
80013	7	攻击附带驱散目标有益效果	0	0	1	0	0	0	0	0	0	0	0	0	0	0	0
80013	8	攻击附带驱散目标有益效果	0	0	1	0	0	0	0	0	0	0	0	0	0	0	0
80013	9	攻击附带驱散目标有益效果	0	0	1	0	0	0	0	0	0	0	0	0	0	0	0
80013	10	攻击附带驱散目标有益效果	0	0	1	0	0	0	0	0	0	0	0	0	0	0	0
80014	1	每回合时周围同伴回复其最高血量的1%血量	0	0	1	0	0	0	0	0	0	0	0	0	0	0	0
80014	2	每回合时周围同伴回复其最高血量的2%血量	0	0	1	0	0	0	0	0	0	0	0	0	0	0	0
80014	3	每回合时周围同伴回复其最高血量的3%血量	0	0	1	0	0	0	0	0	0	0	0	0	0	0	0
80014	4	每回合时周围同伴回复其最高血量的4%血量	0	0	1	0	0	0	0	0	0	0	0	0	0	0	0
80014	5	每回合时周围同伴回复其最高血量的5%血量	0	0	1	0	0	0	0	0	0	0	0	0	0	0	0
80014	6	每回合时周围同伴回复其最高血量的6%血量	0	0	1	0	0	0	0	0	0	0	0	0	0	0	0
80014	7	每回合时周围同伴回复其最高血量的6%血量	0	0	1	0	0	0	0	0	0	0	0	0	0	0	0
80014	8	每回合时周围同伴回复其最高血量的6%血量	0	0	1	0	0	0	0	0	0	0	0	0	0	0	0
80014	9	每回合时周围同伴回复其最高血量的6%血量	0	0	1	0	0	0	0	0	0	0	0	0	0	0	0
80014	10	每回合时周围同伴回复其最高血量的6%血量	0	0	1	0	0	0	0	0	0	0	0	0	0	0	0
80015	1	战斗开始第1回合，获得冰洁陷阱效果	0	0	1	0	0	0	0	0	0	0	0	0	0	0	0
80015	2	战斗开始第1回合，获得冰洁陷阱效果	0	0	1	0	0	0	0	0	0	0	0	0	0	0	0
80015	3	战斗开始第1回合，获得冰洁陷阱效果	0	0	1	0	0	0	0	0	0	0	0	0	0	0	0
80015	4	战斗开始第1回合，获得冰洁陷阱效果	0	0	1	0	0	0	0	0	0	0	0	0	0	0	0
80015	5	战斗开始第1回合，获得冰洁陷阱效果	0	0	1	0	0	0	0	0	0	0	0	0	0	0	0
80015	6	战斗开始第1回合，获得冰洁陷阱效果	0	0	1	0	0	0	0	0	0	0	0	0	0	0	0
80015	7	战斗开始第1回合，获得冰洁陷阱效果	0	0	1	0	0	0	0	0	0	0	0	0	0	0	0
80015	8	战斗开始第1回合，获得冰洁陷阱效果	0	0	1	0	0	0	0	0	0	0	0	0	0	0	0
80015	9	战斗开始第1回合，获得冰洁陷阱效果	0	0	1	0	0	0	0	0	0	0	0	0	0	0	0
80015	10	战斗开始第1回合，获得冰洁陷阱效果	0	0	1	0	0	0	0	0	0	0	0	0	0	0	0
80016	1	免疫体魄，形体类型负面效果	0	0	1	0	0	0	0	0	0	0	0	0	0	0	0
80016	2	免疫体魄，形体类型负面效果	0	0	1	0	0	0	0	0	0	0	0	0	0	0	0
80016	3	免疫体魄，形体类型负面效果	0	0	1	0	0	0	0	0	0	0	0	0	0	0	0
80016	4	免疫体魄，形体类型负面效果	0	0	1	0	0	0	0	0	0	0	0	0	0	0	0
80016	5	免疫体魄，形体类型负面效果	0	0	1	0	0	0	0	0	0	0	0	0	0	0	0
80016	6	免疫体魄，形体类型负面效果	0	0	1	0	0	0	0	0	0	0	0	0	0	0	0
80016	7	免疫体魄，形体类型负面效果	0	0	1	0	0	0	0	0	0	0	0	0	0	0	0
80016	8	免疫体魄，形体类型负面效果	0	0	1	0	0	0	0	0	0	0	0	0	0	0	0
80016	9	免疫体魄，形体类型负面效果	0	0	1	0	0	0	0	0	0	0	0	0	0	0	0
80016	10	免疫体魄，形体类型负面效果	0	0	1	0	0	0	0	0	0	0	0	0	0	0	0
80017	1	战斗开始第1回合，获得冰洁陷阱效果	0	0	1	0	0	0	0	0	0	0	0	0	0	0	0
80017	2	战斗开始第1回合，获得冰洁陷阱效果	0	0	1	0	0	0	0	0	0	0	0	0	0	0	0
80017	3	战斗开始第1回合，获得冰洁陷阱效果	0	0	1	0	0	0	0	0	0	0	0	0	0	0	0
80017	4	战斗开始第1回合，获得冰洁陷阱效果	0	0	1	0	0	0	0	0	0	0	0	0	0	0	0
80017	5	战斗开始第1回合，获得冰洁陷阱效果	0	0	1	0	0	0	0	0	0	0	0	0	0	0	0
80017	6	战斗开始第1回合，获得冰洁陷阱效果	0	0	1	0	0	0	0	0	0	0	0	0	0	0	0
80017	7	战斗开始第1回合，获得冰洁陷阱效果	0	0	1	0	0	0	0	0	0	0	0	0	0	0	0
80017	8	战斗开始第1回合，获得冰洁陷阱效果	0	0	1	0	0	0	0	0	0	0	0	0	0	0	0
80017	9	战斗开始第1回合，获得冰洁陷阱效果	0	0	1	0	0	0	0	0	0	0	0	0	0	0	0
80017	10	战斗开始第1回合，获得冰洁陷阱效果	0	0	1	0	0	0	0	0	0	0	0	0	0	0	0
80018	1	伤害分摊回血	0	0	1	0	0	0	0	0	0	0	0	0	0	0	0
80018	2	伤害分摊回血	0	0	1	0	0	0	0	0	0	0	0	0	0	0	0
80018	3	伤害分摊回血	0	0	1	0	0	0	0	0	0	0	0	0	0	0	0
80018	4	伤害分摊回血	0	0	1	0	0	0	0	0	0	0	0	0	0	0	0
80018	5	伤害分摊回血	0	0	1	0	0	0	0	0	0	0	0	0	0	0	0
80018	6	伤害分摊回血	0	0	1	0	0	0	0	0	0	0	0	0	0	0	0
80018	7	伤害分摊回血	0	0	1	0	0	0	0	0	0	0	0	0	0	0	0
80018	8	伤害分摊回血	0	0	1	0	0	0	0	0	0	0	0	0	0	0	0
80018	9	伤害分摊回血	0	0	1	0	0	0	0	0	0	0	0	0	0	0	0
80018	10	伤害分摊回血	0	0	1	0	0	0	0	0	0	0	0	0	0	0	0
80019	1	伤害分摊回血	0	0	1	0	0	0	0	0	0	0	0	0	0	0	0
80019	2	伤害分摊回血	0	0	1	0	0	0	0	0	0	0	0	0	0	0	0
80019	3	伤害分摊回血	0	0	1	0	0	0	0	0	0	0	0	0	0	0	0
80019	4	伤害分摊回血	0	0	1	0	0	0	0	0	0	0	0	0	0	0	0
80019	5	伤害分摊回血	0	0	1	0	0	0	0	0	0	0	0	0	0	0	0
80019	6	伤害分摊回血	0	0	1	0	0	0	0	0	0	0	0	0	0	0	0
80019	7	伤害分摊回血	0	0	1	0	0	0	0	0	0	0	0	0	0	0	0
80019	8	伤害分摊回血	0	0	1	0	0	0	0	0	0	0	0	0	0	0	0
80019	9	伤害分摊回血	0	0	1	0	0	0	0	0	0	0	0	0	0	0	0
80019	10	伤害分摊回血	0	0	1	0	0	0	0	0	0	0	0	0	0	0	0
80020	1	会开始自身十字范围增加内单位增加20点怒气	0	0	1	0	0	0	0	0	0	0	0	0	0	0	0
80020	2	会开始自身十字范围增加内单位增加25点怒气	0	0	1	0	0	0	0	0	0	0	0	0	0	0	0
80020	3	会开始自身十字范围增加内单位增加30点怒气	0	0	1	0	0	0	0	0	0	0	0	0	0	0	0
80020	4	会开始自身十字范围增加内单位增加35点怒气	0	0	1	0	0	0	0	0	0	0	0	0	0	0	0
80020	5	会开始自身十字范围增加内单位增加40点怒气	0	0	1	0	0	0	0	0	0	0	0	0	0	0	0
80020	6	会开始自身十字范围增加内单位增加50点怒气	0	0	1	0	0	0	0	0	0	0	0	0	0	0	0
80020	7	会开始自身十字范围增加内单位增加50点怒气	0	0	1	0	0	0	0	0	0	0	0	0	0	0	0
80020	8	会开始自身十字范围增加内单位增加50点怒气	0	0	1	0	0	0	0	0	0	0	0	0	0	0	0
80020	9	会开始自身十字范围增加内单位增加50点怒气	0	0	1	0	0	0	0	0	0	0	0	0	0	0	0
80020	10	会开始自身十字范围增加内单位增加50点怒气	0	0	1	0	0	0	0	0	0	0	0	0	0	0	0
80021	1	开场时，伤害减免效果，持续3个回合	0	0	1	0	0	0	0	0	0	0	0	0	0	0	0
80021	2	开场时，伤害减免效果，持续3个回合	0	0	1	0	0	0	0	0	0	0	0	0	0	0	0
80021	3	开场时，伤害减免效果，持续3个回合	0	0	1	0	0	0	0	0	0	0	0	0	0	0	0
80021	4	开场时，伤害减免效果，持续3个回合	0	0	1	0	0	0	0	0	0	0	0	0	0	0	0
80021	5	开场时，伤害减免效果，持续3个回合	0	0	1	0	0	0	0	0	0	0	0	0	0	0	0
80021	6	开场时，伤害减免效果，持续3个回合	0	0	1	0	0	0	0	0	0	0	0	0	0	0	0
80021	7	开场时，伤害减免效果，持续3个回合	0	0	1	0	0	0	0	0	0	0	0	0	0	0	0
80021	8	开场时，伤害减免效果，持续3个回合	0	0	1	0	0	0	0	0	0	0	0	0	0	0	0
80021	9	开场时，伤害减免效果，持续3个回合	0	0	1	0	0	0	0	0	0	0	0	0	0	0	0
80021	10	开场时，伤害减免效果，持续3个回合	0	0	1	0	0	0	0	0	0	0	0	0	0	0	0
80022	1	敌方人数越多，防御力越高	0	0	1	0	0	0	0	0	0	0	0	0	0	0	0
80022	2	敌方人数越多，防御力越高	0	0	1	0	0	0	0	0	0	0	0	0	0	0	0
80022	3	敌方人数越多，防御力越高	0	0	1	0	0	0	0	0	0	0	0	0	0	0	0
80022	4	敌方人数越多，防御力越高	0	0	1	0	0	0	0	0	0	0	0	0	0	0	0
80022	5	敌方人数越多，防御力越高	0	0	1	0	0	0	0	0	0	0	0	0	0	0	0
80022	6	敌方人数越多，防御力越高	0	0	1	0	0	0	0	0	0	0	0	0	0	0	0
80022	7	敌方人数越多，防御力越高	0	0	1	0	0	0	0	0	0	0	0	0	0	0	0
80022	8	敌方人数越多，防御力越高	0	0	1	0	0	0	0	0	0	0	0	0	0	0	0
80022	9	敌方人数越多，防御力越高	0	0	1	0	0	0	0	0	0	0	0	0	0	0	0
80022	10	敌方人数越多，防御力越高	0	0	1	0	0	0	0	0	0	0	0	0	0	0	0
90001	1	测试技能	73213	0	1	55	-5000	0	0	0	0	0	0	0	0	0	0
90002	1	测试强化	0	0	1	15	10000	20	1000	41	99999	47	10000	48	10000	0	0
100000	1	被攻击增加杀气10点	0	0	1	0	0	0	0	0	0	0	0	0	0	0	0
100000	2	被攻击增加杀气10点	0	0	1	0	0	0	0	0	0	0	0	0	0	0	0
100000	3	被攻击增加杀气10点	0	0	1	0	0	0	0	0	0	0	0	0	0	0	0
100000	4	被攻击增加杀气10点	0	0	1	0	0	0	0	0	0	0	0	0	0	0	0
100000	5	被攻击增加杀气10点	0	0	1	0	0	0	0	0	0	0	0	0	0	0	0
100000	6	被攻击增加杀气10点	0	0	1	0	0	0	0	0	0	0	0	0	0	0	0
100000	7	被攻击增加杀气10点	0	0	1	0	0	0	0	0	0	0	0	0	0	0	0
100000	8	被攻击增加杀气10点	0	0	1	0	0	0	0	0	0	0	0	0	0	0	0
100000	9	被攻击增加杀气10点	0	0	1	0	0	0	0	0	0	0	0	0	0	0	0
100000	10	被攻击增加杀气10点	0	0	1	0	0	0	0	0	0	0	0	0	0	0	0
100001	1	幸运值增加10点	0	0	1	16	10	0	0	0	0	0	0	0	0	0	0
100001	2	幸运值增加20点	0	0	1	16	20	0	0	0	0	0	0	0	0	0	0
100001	3	幸运值增加40点	0	0	1	16	40	0	0	0	0	0	0	0	0	0	0
100001	4	幸运值增加80点	0	0	1	16	80	0	0	0	0	0	0	0	0	0	0
100001	5	幸运值增加120点	0	0	1	16	120	0	0	0	0	0	0	0	0	0	0
100001	6	幸运值增加120点	0	0	1	16	120	0	0	0	0	0	0	0	0	0	0
100001	7	幸运值增加120点	0	0	1	16	120	0	0	0	0	0	0	0	0	0	0
100001	8	幸运值增加120点	0	0	1	16	120	0	0	0	0	0	0	0	0	0	0
100001	9	幸运值增加120点	0	0	1	16	120	0	0	0	0	0	0	0	0	0	0
100001	10	幸运值增加120点	0	0	1	16	120	0	0	0	0	0	0	0	0	0	0
100002	1	士气值增加10点	0	0	1	17	10	0	0	0	0	0	0	0	0	0	0
100002	2	士气值增加20点	0	0	1	17	20	0	0	0	0	0	0	0	0	0	0
100002	3	士气值增加40点	0	0	1	17	40	0	0	0	0	0	0	0	0	0	0
100002	4	士气值增加80点	0	0	1	17	80	0	0	0	0	0	0	0	0	0	0
100002	5	士气值增加120点	0	0	1	17	120	0	0	0	0	0	0	0	0	0	0
100002	6	士气值增加120点	0	0	1	17	120	0	0	0	0	0	0	0	0	0	0
100002	7	士气值增加120点	0	0	1	17	120	0	0	0	0	0	0	0	0	0	0
100002	8	士气值增加120点	0	0	1	17	120	0	0	0	0	0	0	0	0	0	0
100002	9	士气值增加120点	0	0	1	17	120	0	0	0	0	0	0	0	0	0	0
100002	10	士气值增加120点	0	0	1	17	120	0	0	0	0	0	0	0	0	0	0
100003	1	攻击值增加10点	0	0	1	45	10	0	0	0	0	0	0	0	0	0	0
100003	2	攻击值增加20点	0	0	1	45	20	0	0	0	0	0	0	0	0	0	0
100003	3	攻击值增加40点	0	0	1	45	40	0	0	0	0	0	0	0	0	0	0
100003	4	攻击值增加80点	0	0	1	45	80	0	0	0	0	0	0	0	0	0	0
100003	5	攻击值增加120点	0	0	1	45	120	0	0	0	0	0	0	0	0	0	0
100003	6	攻击值增加120点	0	0	1	45	120	0	0	0	0	0	0	0	0	0	0
100003	7	攻击值增加120点	0	0	1	45	120	0	0	0	0	0	0	0	0	0	0
100003	8	攻击值增加120点	0	0	1	45	120	0	0	0	0	0	0	0	0	0	0
100003	9	攻击值增加120点	0	0	1	45	120	0	0	0	0	0	0	0	0	0	0
100003	10	攻击值增加120点	0	0	1	45	120	0	0	0	0	0	0	0	0	0	0
100004	1	生命值增加50点	0	0	1	41	50	0	0	0	0	0	0	0	0	0	0
100004	2	生命值增加100点	0	0	1	41	100	0	0	0	0	0	0	0	0	0	0
100004	3	生命值增加200点	0	0	1	41	200	0	0	0	0	0	0	0	0	0	0
100004	4	生命值增加400点	0	0	1	41	400	0	0	0	0	0	0	0	0	0	0
100004	5	生命值增加600点	0	0	1	41	600	0	0	0	0	0	0	0	0	0	0
100004	6	生命值增加600点	0	0	1	41	600	0	0	0	0	0	0	0	0	0	0
100004	7	生命值增加600点	0	0	1	41	600	0	0	0	0	0	0	0	0	0	0
100004	8	生命值增加600点	0	0	1	41	600	0	0	0	0	0	0	0	0	0	0
100004	9	生命值增加600点	0	0	1	41	600	0	0	0	0	0	0	0	0	0	0
100004	10	生命值增加600点	0	0	1	41	600	0	0	0	0	0	0	0	0	0	0
100005	1	命中值增加10点	0	0	1	19	10	0	0	0	0	0	0	0	0	0	0
100005	2	命中值增加20点	0	0	1	19	20	0	0	0	0	0	0	0	0	0	0
100005	3	命中值增加40点	0	0	1	19	40	0	0	0	0	0	0	0	0	0	0
100005	4	命中值增加80点	0	0	1	19	80	0	0	0	0	0	0	0	0	0	0
100005	5	命中值增加120点	0	0	1	19	120	0	0	0	0	0	0	0	0	0	0
100005	6	命中值增加120点	0	0	1	19	120	0	0	0	0	0	0	0	0	0	0
100005	7	命中值增加120点	0	0	1	19	120	0	0	0	0	0	0	0	0	0	0
100005	8	命中值增加120点	0	0	1	19	120	0	0	0	0	0	0	0	0	0	0
100005	9	命中值增加120点	0	0	1	19	120	0	0	0	0	0	0	0	0	0	0
100005	10	命中值增加120点	0	0	1	19	120	0	0	0	0	0	0	0	0	0	0
100006	1	暴击值增加10点	0	0	1	14	10	0	0	0	0	0	0	0	0	0	0
100006	2	暴击值增加20点	0	0	1	14	20	0	0	0	0	0	0	0	0	0	0
100006	3	暴击值增加40点	0	0	1	14	40	0	0	0	0	0	0	0	0	0	0
100006	4	暴击值增加80点	0	0	1	14	80	0	0	0	0	0	0	0	0	0	0
100006	5	暴击值增加120点	0	0	1	14	120	0	0	0	0	0	0	0	0	0	0
100006	6	暴击值增加120点	0	0	1	14	120	0	0	0	0	0	0	0	0	0	0
100006	7	暴击值增加120点	0	0	1	14	120	0	0	0	0	0	0	0	0	0	0
100006	8	暴击值增加120点	0	0	1	14	120	0	0	0	0	0	0	0	0	0	0
100006	9	暴击值增加120点	0	0	1	14	120	0	0	0	0	0	0	0	0	0	0
100006	10	暴击值增加120点	0	0	1	14	120	0	0	0	0	0	0	0	0	0	0
100007	1	获得经验增加10%	0	0	1	1085	1000	0	0	0	0	0	0	0	0	0	0
100007	2	获得经验增加15%	0	0	1	1085	1500	0	0	0	0	0	0	0	0	0	0
100007	3	获得经验增加20%	0	0	1	1085	2000	0	0	0	0	0	0	0	0	0	0
100007	4	获得经验增加25%	0	0	1	1085	2500	0	0	0	0	0	0	0	0	0	0
100007	5	获得经验增加30%	0	0	1	1085	3000	0	0	0	0	0	0	0	0	0	0
100007	6	获得经验增加30%	0	0	1	1085	3000	0	0	0	0	0	0	0	0	0	0
100007	7	获得经验增加30%	0	0	1	1085	3000	0	0	0	0	0	0	0	0	0	0
100007	8	获得经验增加30%	0	0	1	1085	3000	0	0	0	0	0	0	0	0	0	0
100007	9	获得经验增加30%	0	0	1	1085	3000	0	0	0	0	0	0	0	0	0	0
100007	10	获得经验增加30%	0	0	1	1085	3000	0	0	0	0	0	0	0	0	0	0
100008	1	掉率增加30%	0	0	1	1081	3000	0	0	0	0	0	0	0	0	0	0
100008	2	掉率增加40%	0	0	1	1081	4000	0	0	0	0	0	0	0	0	0	0
100008	3	掉率增加50%	0	0	1	1081	5000	0	0	0	0	0	0	0	0	0	0
100008	4	掉率增加60%	0	0	1	1081	6000	0	0	0	0	0	0	0	0	0	0
100008	5	掉率增加70%	0	0	1	1081	7000	0	0	0	0	0	0	0	0	0	0
100008	6	掉率增加70%	0	0	1	1081	7000	0	0	0	0	0	0	0	0	0	0
100008	7	掉率增加70%	0	0	1	1081	7000	0	0	0	0	0	0	0	0	0	0
100008	8	掉率增加70%	0	0	1	1081	7000	0	0	0	0	0	0	0	0	0	0
100008	9	掉率增加70%	0	0	1	1081	7000	0	0	0	0	0	0	0	0	0	0
100008	10	掉率增加70%	0	0	1	1081	7000	0	0	0	0	0	0	0	0	0	0
100009	1	获得金钱增加20%	0	0	1	1084	2000	0	0	0	0	0	0	0	0	0	0
100009	2	获得金钱增加30%	0	0	1	1084	3000	0	0	0	0	0	0	0	0	0	0
100009	3	获得金钱增加40%	0	0	1	1084	4000	0	0	0	0	0	0	0	0	0	0
100009	4	获得金钱增加50%	0	0	1	1084	5000	0	0	0	0	0	0	0	0	0	0
100009	5	获得金钱增加60%	0	0	1	1084	6000	0	0	0	0	0	0	0	0	0	0
100009	6	获得金钱增加60%	0	0	1	1084	6000	0	0	0	0	0	0	0	0	0	0
100009	7	获得金钱增加60%	0	0	1	1084	6000	0	0	0	0	0	0	0	0	0	0
100009	8	获得金钱增加60%	0	0	1	1084	6000	0	0	0	0	0	0	0	0	0	0
100009	9	获得金钱增加60%	0	0	1	1084	6000	0	0	0	0	0	0	0	0	0	0
100009	10	获得金钱增加60%	0	0	1	1084	6000	0	0	0	0	0	0	0	0	0	0
