Index	Name	Type	SceneID	Reputation	Money	Exp	TCID	TipID	MonID_9_0	MonID_9_1	MonID_9_2	MonID_9_3	MonID_9_4	MonID_9_5	MonID_9_6	MonID_9_7	MonID_9_8	TargetLevel	FixValue	FightValue
1	天音山 第1关	0	101621	0	30	15	0	0	210102	210101	210102	0	210103	210103	0	0	0	1	0.8	1
2	天音山 第2关	0	101621	0	40	20	0	0	210201	210203	210201	0	210201	0	0	210202	0	2	0.8	2
3	天音山 第3关	0	101621	0	50	25	0	0	210101	210101	210101	0	210102	210102	0	0	0	3	0.8	3
4	天音山 第4关	0	101607	0	70	30	0	0	210402	210404	210402	210403	0	210403	0	0	0	4	0.8	4
5	天音山 第5关	1	101607	50	90	50	5101	1	210503	210503	210503	210502	230601	0	0	0	0	5	0.8	5
6	天音山 第6关	0	101607	0	100	60	0	0	210502	210403	210502	210401	210501	0	0	0	0	6	0.8	6
7	天音山 第7关	0	101602	0	130	80	0	0	210704	210704	210704	210702	210702	0	0	0	0	7	0.8	7
8	天音山 第8关	0	101602	0	170	100	0	0	210701	210801	210701	210703	0	210802	0	0	0	8	0.8	8
9	天音山 第9关	0	101602	0	250	150	0	0	210903	210902	210903	210801	210801	0	0	0	0	9	0.8	9
10	天音山 第10关	2	101602	100	310	190	5102	2	210903	210903	0	210802	2301001	210802	0	0	0	10	0.8	10
11	天音山 第11关	0	101624	0	410	250	0	0	2101006	2101004	2101006	2101003	0	2101003	0	0	0	11	0.8	11
12	天音山 第12关	0	101624	0	510	310	0	0	2101002	2101101	2101002	2101005	2101005	0	0	0	0	12	0.8	12
13	天音山 第13关	0	101624	0	600	370	0	0	2101102	2101004	2101102	0	2101201	0	0	2101201	0	13	0.8	13
14	天音山 第14关	0	101624	0	750	460	0	0	2101003	2101004	2101003	0	2101003	0	0	2101003	0	14	0.8	14
15	天音山 第15关	1	101624	150	940	580	5103	3	2101301	2101201	2101301	2101201	0	2101201	0	0	0	15	0.8	15
16	天音山 第16关	0	101624	0	1140	700	0	0	2101401	2101501	2101401	0	2101202	2101202	0	0	0	16	0.8	16
17	天音山 第17关	0	101630	0	1330	820	0	0	2101802	2101901	2101802	2101702	0	2101702	0	0	0	17	0.8	17
18	天音山 第18关	0	101630	0	1540	950	0	0	2101601	2101601	2101601	2101602	2101602	0	0	0	0	18	0.8	18
19	天音山 第19关	0	101630	0	1750	1080	0	0	2101701	2101802	2101701	2101801	0	2101801	0	0	0	19	0.8	19
20	天音山 第20关	2	101630	200	2000	1230	5104	4	2101502	2101801	2101502	0	2101502	0	0	2302001	0	20	0.8	20
21	神女峰 第1关	0	101609	0	2320	1430	0	0	2102004	2102002	2102004	2102003	0	2102003	0	0	0	21	0.9	21
22	神女峰 第2关	0	101609	0	2760	1700	0	0	2102005	2102102	2102005	2102006	2102006	0	0	0	0	22	0.9	22
23	神女峰 第3关	0	101609	0	3160	1950	0	0	2102202	2102202	2102202	2102201	2102201	0	0	0	0	23	0.9	23
24	神女峰 第4关	0	101609	0	3700	2280	0	0	2102002	0	2102002	2102301	2102101	2102301	0	0	0	24	0.9	24
25	神女峰 第5关	1	101609	0	4180	2580	5105	5	2102103	2102102	2102103	0	2102102	0	0	2302501	0	25	0.9	25
26	神女峰 第6关	0	101624	0	4780	2950	0	0	2102602	2102603	2102602	2102603	2102604	0	0	0	0	26	0.9	26
27	神女峰 第7关	0	101624	0	5350	3300	0	0	2102606	2102606	0	2102601	2102601	2102601	0	0	0	27	0.9	27
28	神女峰 第8关	0	101624	0	5980	3690	0	0	2102803	2102801	2102803	2102602	2102802	0	0	0	0	28	0.9	28
29	神女峰 第9关	0	101624	0	6650	4100	0	0	2102801	2102801	2102801	2102803	2102901	0	0	0	0	29	0.9	29
30	神女峰 第10关	2	101624	0	7380	4550	5106	6	2102601	2102606	2102601	0	2102606	0	0	2103001	0	30	0.9	30
31	神女峰 第11关	0	101640	0	8170	5040	0	0	2103002	2103002	2103002	2103102	2103002	0	0	0	0	31	0.9	31
32	神女峰 第12关	0	101640	0	9090	5610	0	0	2103002	2103203	2103002	2103204	2103204	0	0	0	0	32	0.9	32
33	神女峰 第13关	0	101640	0	10030	6190	0	0	2103003	2103003	2103003	2103005	2103005	0	0	0	0	33	0.9	33
34	神女峰 第14关	0	101640	0	10960	6760	0	0	2103201	2103202	2103201	2103202	2103202	0	0	0	0	34	0.9	34
35	神女峰 第15关	1	101640	0	12010	7410	5107	7	2103204	2103204	2103202	2103401	2103202	0	0	0	0	35	0.9	35
36	神女峰 第16关	0	101615	0	13000	8020	0	0	2103501	2103504	2103501	0	2103504	0	0	2103504	0	36	0.9	36
37	神女峰 第17关	0	101615	0	14070	8680	0	0	2103502	2103803	2103502	2103601	2103601	0	0	0	0	37	0.9	37
38	神女峰 第18关	0	101615	0	15120	9330	0	0	2103701	2103702	2103701	2103702	2103702	0	0	0	0	38	0.9	38
39	神女峰 第19关	0	101615	0	16140	9960	0	0	2103702	2103801	2103702	2103701	2103702	0	0	0	0	39	0.9	39
40	神女峰 第20关	2	101615	0	17190	10610	5108	8	2103503	2103503	2103503	2103802	2104001	0	0	0	0	40	0.9	40
41	南荒地 第1关	0	101621	0	0	42	0	0	210101	210101	0	0	0	0	0	0	0	10	1	41
42	南荒地 第2关	0	101621	0	0	42	0	0	210101	210101	0	0	0	0	0	0	0	10	1	42
43	南荒地 第3关	0	101621	0	0	43	0	0	210101	210101	0	0	0	0	0	0	0	10	1	43
44	南荒地 第4关	0	101621	0	0	44	0	0	210101	210101	0	0	0	0	0	0	0	10	1	44
45	南荒地 第5关	1	101621	0	0	45	5109	9	210101	210101	0	0	0	0	0	0	0	10	1	45
46	南荒地 第6关	0	101621	0	0	46	0	0	210101	210101	0	0	0	0	0	0	0	10	1	46
47	南荒地 第7关	0	101621	0	0	47	0	0	210101	210101	0	0	0	0	0	0	0	10	1	47
48	南荒地 第8关	0	101621	0	0	48	0	0	210101	210101	0	0	0	0	0	0	0	10	1	48
49	南荒地 第9关	0	101621	0	0	49	0	0	210101	210101	0	0	0	0	0	0	0	10	1	49
50	南荒地 第10关	2	101621	0	0	50	5110	10	210101	210101	0	0	0	0	0	0	0	10	1	50
51	南荒地 第11关	0	101621	0	0	51	0	0	210101	210101	0	0	0	0	0	0	0	10	1	51
52	南荒地 第12关	0	101621	0	0	52	0	0	210101	210101	0	0	0	0	0	0	0	10	1	52
53	南荒地 第13关	0	101621	0	0	53	0	0	210101	210101	0	0	0	0	0	0	0	10	1	53
54	南荒地 第14关	0	101621	0	0	54	0	0	210101	210101	0	0	0	0	0	0	0	10	1	54
55	南荒地 第15关	1	101621	0	0	55	5111	11	210101	210101	0	0	0	0	0	0	0	10	1	55
56	南荒地 第16关	0	101621	0	0	56	0	0	210101	210101	0	0	0	0	0	0	0	10	1	56
57	南荒地 第17关	0	101621	0	0	57	0	0	210101	210101	0	0	0	0	0	0	0	10	1	57
58	南荒地 第18关	0	101621	0	0	58	0	0	210101	210101	0	0	0	0	0	0	0	10	1	58
59	南荒地 第19关	0	101621	0	0	59	0	0	210101	210101	0	0	0	0	0	0	0	10	1	59
60	南荒地 第20关	2	101621	0	0	60	5112	112	210101	210101	0	0	0	0	0	0	0	10	1	60
61	昆仑岭 第1关	0	101621	0	0	61	0	0	210101	210101	0	0	0	0	0	0	0	10	1	61
62	昆仑岭 第2关	0	101621	0	0	62	0	0	210101	210101	0	0	0	0	0	0	0	10	1	62
63	昆仑岭 第3关	0	101621	0	0	63	0	0	210101	210101	0	0	0	0	0	0	0	10	1	63
64	昆仑岭 第4关	0	101621	0	0	64	0	0	210101	210101	0	0	0	0	0	0	0	10	1	64
65	昆仑岭 第5关	1	101621	0	0	65	5113	13	210101	210101	0	0	0	0	0	0	0	10	1	65
66	昆仑岭 第6关	0	101621	0	0	66	0	0	210101	210101	0	0	0	0	0	0	0	10	1	66
67	昆仑岭 第7关	0	101621	0	0	67	0	0	210101	210101	0	0	0	0	0	0	0	10	1	67
68	昆仑岭 第8关	0	101621	0	0	68	0	0	210101	210101	0	0	0	0	0	0	0	10	1	68
69	昆仑岭 第9关	0	101621	0	0	69	0	0	210101	210101	0	0	0	0	0	0	0	10	1	69
70	昆仑岭 第10关	2	101621	0	0	70	5114	14	210101	210101	0	0	0	0	0	0	0	10	1	70
71	昆仑岭 第11关	0	101621	0	0	71	0	0	210101	210101	0	0	0	0	0	0	0	10	1	71
72	昆仑岭 第12关	0	101621	0	0	72	0	0	210101	210101	0	0	0	0	0	0	0	10	1	72
73	昆仑岭 第13关	0	101621	0	0	73	0	0	210101	210101	0	0	0	0	0	0	0	10	1	73
74	昆仑岭 第14关	0	101621	0	0	74	0	0	210101	210101	0	0	0	0	0	0	0	10	1	74
75	昆仑岭 第15关	1	101621	0	0	75	5115	15	210101	210101	0	0	0	0	0	0	0	10	1	75
76	昆仑岭 第16关	0	101621	0	0	76	0	0	210101	210101	0	0	0	0	0	0	0	10	1	76
77	昆仑岭 第17关	0	101621	0	0	77	0	0	210101	210101	0	0	0	0	0	0	0	10	1	77
78	昆仑岭 第18关	0	101621	0	0	78	0	0	210101	210101	0	0	0	0	0	0	0	10	1	78
79	昆仑岭 第19关	0	101621	0	0	79	0	0	210101	210101	0	0	0	0	0	0	0	10	1	79
80	昆仑岭 第20关	2	101621	0	0	80	5116	16	210101	210101	0	0	0	0	0	0	0	10	1	80
81	北冥河 第1关	0	101621	0	0	81	0	0	210101	210101	0	0	0	0	0	0	0	10	1	81
82	北冥河 第2关	0	101621	0	0	82	0	0	210101	210101	0	0	0	0	0	0	0	10	1	82
83	北冥河 第3关	0	101621	0	0	83	0	0	210101	210101	0	0	0	0	0	0	0	10	1	83
84	北冥河 第4关	0	101621	0	0	84	0	0	210101	210101	0	0	0	0	0	0	0	10	1	84
85	北冥河 第5关	1	101621	0	0	85	5117	17	210101	210101	0	0	0	0	0	0	0	10	1	85
86	北冥河 第6关	0	101621	0	0	86	0	0	210101	210101	0	0	0	0	0	0	0	10	1	86
87	北冥河 第7关	0	101621	0	0	87	0	0	210101	210101	0	0	0	0	0	0	0	10	1	87
88	北冥河 第8关	0	101621	0	0	88	0	0	210101	210101	0	0	0	0	0	0	0	10	1	88
89	北冥河 第9关	0	101621	0	0	89	0	0	210101	210101	0	0	0	0	0	0	0	10	1	89
90	北冥河 第10关	2	101621	0	0	90	5118	18	210101	210101	0	0	0	0	0	0	0	10	1	90
91	北冥河 第11关	0	101621	0	0	91	0	0	210101	210101	0	0	0	0	0	0	0	10	1	91
92	北冥河 第12关	0	101621	0	0	92	0	0	210101	210101	0	0	0	0	0	0	0	10	1	92
93	北冥河 第13关	0	101621	0	0	93	0	0	210101	210101	0	0	0	0	0	0	0	10	1	93
94	北冥河 第14关	0	101621	0	0	94	0	0	210101	210101	0	0	0	0	0	0	0	10	1	94
95	北冥河 第15关	1	101621	0	0	95	5119	19	210101	210101	0	0	0	0	0	0	0	10	1	95
96	北冥河 第16关	0	101621	0	0	96	0	0	210101	210101	0	0	0	0	0	0	0	10	1	96
97	北冥河 第17关	0	101621	0	0	97	0	0	210101	210101	0	0	0	0	0	0	0	10	1	97
98	北冥河 第18关	0	101621	0	0	98	0	0	210101	210101	0	0	0	0	0	0	0	10	1	98
99	北冥河 第19关	0	101621	0	0	99	0	0	210101	210101	0	0	0	0	0	0	0	10	1	99
100	北冥河 第20关	2	101621	0	0	100	5120	20	210101	210101	0	0	0	0	0	0	0	10	1	100
