ID	Level	Kind	Name	NeedPlayerLevel	NeedExp	MaxExpLimit	AnimName	DefaultIcon	SelectIcon	RelativeID1	RelativeID2	Discription
1	1	0	采摘	20	0	200	23	12000462	12000461	5	4	成为一名药夫，在神州各地收集和采摘各种稀有的药草和奇花异果。
1	2	0	采摘	40	100	400	23	12000462	12000461	5	4	成为一名药夫，在神州各地收集和采摘各种稀有的药草和奇花异果。
1	3	0	采摘	60	300	600	23	12000462	12000461	5	4	成为一名药夫，在神州各地收集和采摘各种稀有的药草和奇花异果。
1	4	0	采摘	80	500	900	23	12000462	12000461	5	4	成为一名药夫，在神州各地收集和采摘各种稀有的药草和奇花异果。
1	5	0	采摘	100	800	1200	23	12000462	12000461	5	4	成为一名药夫，在神州各地收集和采摘各种稀有的药草和奇花异果。
1	6	0	采摘	120	1100	1600	23	12000462	12000461	5	4	成为一名药夫，在神州各地收集和采摘各种稀有的药草和奇花异果。
1	7	0	采摘	140	1500	2000	23	12000462	12000461	5	4	成为一名药夫，在神州各地收集和采摘各种稀有的药草和奇花异果。
2	1	0	垂钓	20	0	200	24	12000458	12000457	4	3	成为一名渔夫，在名山大川中怡然垂钓，走运时还能钓起遗落在水里的珍宝。
2	2	0	垂钓	40	100	400	24	12000458	12000457	4	3	成为一名渔夫，在名山大川中怡然垂钓，走运时还能钓起遗落在水里的珍宝。
2	3	0	垂钓	60	300	600	24	12000458	12000457	4	3	成为一名渔夫，在名山大川中怡然垂钓，走运时还能钓起遗落在水里的珍宝。
2	4	0	垂钓	80	500	900	24	12000458	12000457	4	3	成为一名渔夫，在名山大川中怡然垂钓，走运时还能钓起遗落在水里的珍宝。
2	5	0	垂钓	100	800	1200	24	12000458	12000457	4	3	成为一名渔夫，在名山大川中怡然垂钓，走运时还能钓起遗落在水里的珍宝。
2	6	0	垂钓	120	1100	1600	24	12000458	12000457	4	3	成为一名渔夫，在名山大川中怡然垂钓，走运时还能钓起遗落在水里的珍宝。
2	7	0	垂钓	140	1500	2000	24	12000458	12000457	4	3	成为一名渔夫，在名山大川中怡然垂钓，走运时还能钓起遗落在水里的珍宝。
3	1	0	勘探	20	0	200	25	12000460	12000459	6	6	成为一名矿工，探寻并挖掘土地中的矿石，矿石可用于制造各种武器装备。
3	2	0	勘探	40	100	400	25	12000460	12000459	6	6	成为一名矿工，探寻并挖掘土地中的矿石，矿石可用于制造各种武器装备。
3	3	0	勘探	60	300	600	25	12000460	12000459	6	6	成为一名矿工，探寻并挖掘土地中的矿石，矿石可用于制造各种武器装备。
3	4	0	勘探	80	500	900	25	12000460	12000459	6	6	成为一名矿工，探寻并挖掘土地中的矿石，矿石可用于制造各种武器装备。
3	5	0	勘探	100	800	1200	25	12000460	12000459	6	6	成为一名矿工，探寻并挖掘土地中的矿石，矿石可用于制造各种武器装备。
3	6	0	勘探	120	1100	1600	25	12000460	12000459	6	6	成为一名矿工，探寻并挖掘土地中的矿石，矿石可用于制造各种武器装备。
3	7	0	勘探	140	1500	2000	25	12000460	12000459	6	6	成为一名矿工，探寻并挖掘土地中的矿石，矿石可用于制造各种武器装备。
4	1	1	方术	20	0	200	0	12000452	12000451	1	3	成为一名方士，采天地灵气以炼化仙丹，驱鬼神之力以制作印符。
4	2	1	方术	40	100	400	0	12000452	12000451	1	3	成为一名方士，采天地灵气以炼化仙丹，驱鬼神之力以制作印符。
4	3	1	方术	60	300	600	0	12000452	12000451	1	3	成为一名方士，采天地灵气以炼化仙丹，驱鬼神之力以制作印符。
4	4	1	方术	80	500	900	0	12000452	12000451	1	3	成为一名方士，采天地灵气以炼化仙丹，驱鬼神之力以制作印符。
4	5	1	方术	100	800	1200	0	12000452	12000451	1	3	成为一名方士，采天地灵气以炼化仙丹，驱鬼神之力以制作印符。
4	6	1	方术	120	1100	1600	0	12000452	12000451	1	3	成为一名方士，采天地灵气以炼化仙丹，驱鬼神之力以制作印符。
4	7	1	方术	140	1500	2000	0	12000452	12000451	1	3	成为一名方士，采天地灵气以炼化仙丹，驱鬼神之力以制作印符。
5	1	1	厨艺	20	0	200	0	12000456	12000455	2	4	成为一名厨师，学会烹饪美味珍馐，酿造绝世美酒的技艺，以治口腹之欲。
5	2	1	厨艺	40	100	400	0	12000456	12000455	2	4	成为一名厨师，学会烹饪美味珍馐，酿造绝世美酒的技艺，以治口腹之欲。
5	3	1	厨艺	60	300	600	0	12000456	12000455	2	4	成为一名厨师，学会烹饪美味珍馐，酿造绝世美酒的技艺，以治口腹之欲。
5	4	1	厨艺	80	500	900	0	12000456	12000455	2	4	成为一名厨师，学会烹饪美味珍馐，酿造绝世美酒的技艺，以治口腹之欲。
5	5	1	厨艺	100	800	1200	0	12000456	12000455	2	4	成为一名厨师，学会烹饪美味珍馐，酿造绝世美酒的技艺，以治口腹之欲。
5	6	1	厨艺	120	1100	1600	0	12000456	12000455	2	4	成为一名厨师，学会烹饪美味珍馐，酿造绝世美酒的技艺，以治口腹之欲。
5	7	1	厨艺	140	1500	2000	0	12000456	12000455	2	4	成为一名厨师，学会烹饪美味珍馐，酿造绝世美酒的技艺，以治口腹之欲。
6	1	1	天工	20	0	200	0	12000454	12000453	3	6	成为一名工匠，施展天工的技艺制造出致命的武器和坚实的甲胄，
6	2	1	天工	40	100	400	0	12000454	12000453	3	6	成为一名工匠，施展天工的技艺制造出致命的武器和坚实的甲胄，
6	3	1	天工	60	300	600	0	12000454	12000453	3	6	成为一名工匠，施展天工的技艺制造出致命的武器和坚实的甲胄，
6	4	1	天工	80	500	900	0	12000454	12000453	3	6	成为一名工匠，施展天工的技艺制造出致命的武器和坚实的甲胄，
6	5	1	天工	100	800	1200	0	12000454	12000453	3	6	成为一名工匠，施展天工的技艺制造出致命的武器和坚实的甲胄，
6	6	1	天工	120	1100	1600	0	12000454	12000453	3	6	成为一名工匠，施展天工的技艺制造出致命的武器和坚实的甲胄，
6	7	1	天工	140	1500	2000	0	12000454	12000453	3	6	成为一名工匠，施展天工的技艺制造出致命的武器和坚实的甲胄，
