SkillID	Name	FuncType	LevelLimit	Class	AttackTarget	UseWay	SkillTime	AttackAnim	AttackAnimSpeed	AttackEffectDelay	AttackEffectID	AttackEffectBind	IsFollowBone	AttackEffectNum	AttackEffectLife	TranslateDelay	UseObject	BulletID	BulletSrcBind	BulletTgtBind	BulletRate	BulletVelocity	BulletFlyTrack	RegionEffectID	DefeatDelay	HitEffectID	HitEffectBind	HitEffectNum	AttackShockID	AttackShockDelay	HitShockID	ShowCutSceneAnimation
1	战士普攻1	1	10	1	1	1	1.33	7	1	0.5	900101	0	0	1	1.5	0.5	1	0	0	0	0	0	0	0	0	900402	2	1	0	0	900020	0
2	战士普攻2	1	10	1	1	1	1.83	9	1	0	0	0	0	1	1.5	1.07	1	0	0	0	0	0	0	0	0	900402	2	1	0	0	900020	0
3	弓手普攻1	1	10	3	1	2	1.8	7	1	0	900206	5	1	1	0.67	0.67	1	900206	5	2	1	50	0	0	0	900714	2	1	0	0	900020	0
4	弓手普攻2	1	10	3	1	2	2	8	1	0	900206	5	1	1	0.7	0.7	1	900206	5	2	1	45	0.06	0	0	900714	2	1	0	0	900020	0
5	法师普攻1	1	10	2	1	2	2	7	1	0	900110	0	0	1	1.5	0.5	1	900203	4	2	1	30	0	0	0	900407	2	1	0	0	900020	0
6	法师普攻2	1	10	2	1	3	1.8	8	1	0	0	0	0	1	1.5	0.7	1	0	0	0	1	30	0	900413	0.1	900412	2	1	0	0	900020	0
1001	饿虎扑食-虎	1	10	0	1	1	1.67	8	1	0	0	0	0	0	0	0.6	1	0	0	0	0	0	0	0	0	900105	0	1	0	0	900020	0
1011	爪击-熊	1	10	0	1	1	1.07	7	1	0	0	0	0	0	0	0.4	1	0	0	0	0	0	0	0	0	900403	2	1	0	0	900020	0
1021	锤击-熔岩怪	1	10	0	1	1	1.34	7	1	0.4	900101	0	0	1	1.5	0.5	1	0	0	0	0	0	0	0	0	900408	2	1	0	0	900020	0
1031	砍-猛壮士	1	10	0	1	1	1.33	7	1	0.3	900101	0	0	1	1	0.5	1	0	0	0	0	0	0	0	0	900402	2	1	0	0	900020	0
1041	砍-山城土匪	1	10	0	1	1	1.83	7	1	1	900101	0	0	0	0	1.1	1	0	0	0	0	0	0	0	0	900402	2	1	0	0	900020	0
1042	砍-山城土匪	1	10	0	1	1	1.67	8	1	1	900101	0	0	0	0	1.1	1	0	0	0	0	0	0	0	0	900402	2	1	0	0	900020	0
1051	爪击-冥妖	1	10	0	1	1	1.2	7	1	0	0	4	0	0	0	0.5	1	0	0	0	0	0	0	0	0	900403	2	1	0	0	900020	0
1061	舞棍-南山大王	1	10	0	1	1	1.27	7	1	0	0	0	0	1	0	0.5	1	0	0	0	0	0	0	0	0	900401	2	1	0	0	900020	0
1071	刺-山贼	1	10	0	1	1	1	7	1	0	0	0	0	0	0	0.5	1	0	0	0	0	0	0	0	0	900714	2	1	0	0	900020	0
1081	毒弹-鬼面人	1	10	0	1	2	1.5	7	1	0.1	900202	5	1	1	0.7	0.5	1	900202	5	2	1	35	0	0	0	900416	2	1	0	0	900020	0
1091	爪击-蜘蛛精	1	10	0	1	1	1.07	7	1	0	0	0	0	0	0	0.5	1	0	0	0	0	0	0	0	0	900403	2	1	0	0	900020	0
1101	风刃-白鹿精	1	10	0	1	2	1.5	7	1	0	0	0	0	1	0.6	0.5	1	900204	4	2	1	35	0	0	0	900716	2	1	0	0	900020	0
1102	治愈术-白鹿精	2	10	0	1	3	1.5	7	1	0.6	900115	0	0	1	1.5	0.83	1	0	0	0	0	0	0	0	0	900418	0	1	0	0	900020	0
1111	爪击-蜥蜴精	1	10	0	1	1	1.5	7	1	0	0	0	0	0	0	0.9	1	0	0	0	0	0	0	0	0	900403	2	1	0	0	900020	0
1121	砍-旱魃	1	10	0	1	1	1.07	7	1	0.5	900101	0	0	1	1.5	0.5	1	0	0	0	0	0	0	0	0	900402	0	1	0	0	900020	0
1131	溶尸弹-百眼魔君	1	10	0	1	2	1.07	7	1	0	900202	5	1	1	1	0.5	1	900202	5	2	1	30	0	0	0	900416	2	1	0	0	900020	0
1141	蜜针-玄蜂	1	10	0	1	1	1.07	7	1	0	0	0	0	0	0	0.46	1	0	5	2	0	0	0	0	0	900714	2	1	0	0	900020	0
1151	爪击-土蝠	1	10	0	1	1	1	7	1	0	0	0	0	0	0	0.56	1	0	5	2	0	0	0	0	0	900403	2	1	0	0	900020	0
1161	爪击-寒狼	1	10	0	1	1	1.17	7	1	0	0	0	0	0	0	0.66	1	0	5	2	0	0	0	0	0	900403	2	1	0	0	900020	0
1171	锤击-金牛	1	10	0	1	1	1.07	7	1	0.5	900101	0	0	0	0	0.5	1	0	5	2	0	0	0	0	0	900714	2	1	0	0	900020	0
1181	追风-鬼骑士	1	10	0	1	2	1.5	7	1	0.9	900101	0	0	0	0	0.66	1	900204	0	0	1	35	0	0	0	900402	2	1	0	0	900020	0
1191	冲撞-野猪	1	10	0	1	1	1.2	7	1	0	0	0	0	0	0	0.3	1	0	5	2	0	0	0	0	0	900714	2	1	0	0	900020	0
1201	舞枪-赤蟒精	1	10	0	1	1	1.2	7	1	0.5	900106	0	0	0	0	0.5	1	0	0	0	0	0	0	0	0	900714	2	1	0	0	900020	0
1211	突袭-铁甲蝠	1	10	0	1	1	1.2	7	1	0	0	0	0	0	0	0.6	1	0	0	0	0	0	0	0	0	900403	2	1	0	0	900020	0
1221	风刃-危月燕	1	10	0	1	2	1.8	7	1	0	0	0	0	0	0	0.4	1	900204	0	0	1	35	0	0	0	900716	2	1	0	0	900020	0
1222	治愈术-危月燕	2	10	0	1	3	1.5	7	1	0	900115	0	0	1	1.5	0.6	1	0	0	0	0	0	0	0	0	900418	0	1	0	0	900020	0
1231	攻击1-火猪	1	10	0	1	1	1.2	7	1	0	0	0	0	0	0	0.5	1	0	0	0	0	0	0	0	0	900402	2	1	0	0	900020	0
1241	火焰冲击-火麒麟	1	10	0	1	3	3	7	1	0.3	900109	0	0	0	0	0.4	1	0	0	0	0	0	0	900409	0.6	900408	0	1	0	0	900020	0
1251	拍击-水貐	1	10	0	1	1	1.2	7	1	0	0	0	0	0	0	0.5	1	0	0	0	0	0	0	0	0	900403	2	1	0	0	900020	0
1252	冰弹-水貐	1	10	0	2	3	2	8	1	1	900115	0	0	0	0	1.5	1	0	0	0	0	0	0	900433	0	900430	2	1	0	0	900020	0
1261	攻击1-方良兽	1	10	0	1	1	1.67	7	1	0	0	0	0	0	0	0.5	1	0	0	0	0	0	0	0	0	900714	2	1	0	0	900020	0
1271	星罗棋布-九婴	1	10	0	1	3	5	8	1	0.76	900108	0	0	0	0	1.2	1	0	0	0	0	0	0	900321	0.5	900404	2	1	0	0	900020	0
1281	吞噬-穷奇	1	10	0	1	1	1.2	7	1	0	0	0	0	0	0	0.5	1	0	0	0	0	0	0	0	0	0	2	1	0	0	900020	0
1291	攻击1-长刀忠魂	1	10	0	1	1	1.2	7	1	0.5	900101	0	0	1	1	0.6	1	0	0	0	0	0	0	0	0	900708	2	1	0	0	900020	0
1301	攻击1-盾甲忠魂	1	10	0	1	1	1	7	1	0	0	0	0	0	0	0.46	1	0	0	0	0	0	0	0	0	900401	2	1	0	0	900020	0
1311	攻击1-苍火长老	1	10	0	1	3	2	7	1	0	0	0	0	0	0	0.6	1	0	0	0	0	0	0	900410	0	900407	0	1	0	0	900020	0
1321	攻击1-凿齿	1	10	0	1	1	1.73	7	1	0.73	900101	0	0	0	0	0.53	1	0	0	0	0	0	0	0	0	900401	2	1	0	0	900020	0
1331	攻击1-梼杌	1	10	0	1	1	1.66	7	1	0	0	0	0	0	0	0.53	1	0	0	0	0	0	0	0	0	900402	2	1	0	0	900020	0
1341	锤击-白熊怪	1	10	0	1	1	1.4	7	1	0.2	900701	0	0	0	0	0.7	1	0	0	0	0	0	0	0	0	900401	2	1	0	0	900020	0
1351	冰锥术-冰魄精	1	10	0	1	2	2	7	1	0	0	0	0	0	0	0.7	1	900201	5	2	1	25	0	0	0	900430	2	1	0	0	900020	0
1361	设计-角魔	1	10	0	2	2	2	7	1	0	900206	5	1	1	0.63	0.63	1	900206	5	2	1	30	0.04	0	0	900714	2	1	0	0	900020	0
1371	拳击-巨石怪	1	10	0	1	1	1.07	7	1	0	0	0	0	0	0	0.4	1	0	0	0	0	0	0	0	0	900401	2	1	0	0	900020	0
1381	攻击1-舞娘	1	10	0	1	3	1.5	7	1	0	0	0	0	0	0	0.63	1	0	0	0	0	0	0	0	0	900741	0	1	0	0	900020	0
1382	攻击1-舞娘	1	10	0	1	3	1.5	7	1	0	0	0	0	0	0	0.63	1	0	0	0	0	0	0	0	0	900413	0	1	0	0	900020	0
1383	攻击1-舞娘	1	10	0	1	3	2	7	1	0	0	0	0	0	0	0.63	1	0	0	0	0	0	0	900406	0.1	900405	0	1	0	0	900020	0
1384	攻击1-舞娘	1	10	0	1	2	2	7	1	0.1	900203	4	1	1	0.3	0.63	1	900203	4	2	1	25	0	0	0	900407	2	1	0	0	900020	0
1391	攻击1-牢头	1	10	0	1	1	1.33	7	1	0	0	0	0	0	0	0.66	1	0	0	0	0	0	0	0	0	900401	2	1	0	0	900020	0
1401	攻击1-守卫	1	10	0	1	1	1.67	7	1	0	0	0	0	0	0	0.83	1	0	0	0	0	0	0	0	0	900402	2	1	0	0	900020	0
1411	攻击1-双头蛇	1	10	0	1	1	1.2	7	1	0	0	0	0	0	0	0.53	1	0	0	0	0	0	0	0	0	900714	2	1	0	0	900020	0
1421	攻击1-刀魔	1	10	0	1	1	1.5	7	1	0.8	900101	0	0	0	0	0.9	1	0	0	0	0	0	0	0	0	900402	2	1	0	0	900020	0
1431	攻击1-蛤蟆精	1	10	0	1	1	1.67	7	1	0	0	0	0	0	0	0.66	1	0	0	0	0	0	0	0	0	900402	2	1	0	0	900020	0
1441	攻击1-猎犬	1	10	0	1	1	1.6	7	1	0	0	0	0	0	0	0.46	1	0	0	0	0	0	0	0	0	900714	2	1	0	0	900020	0
1451	攻击1-花妖	1	10	0	1	1	1.67	7	1	0	0	0	0	0	0	0.6	1	0	0	0	0	0	0	0	0	900714	2	1	0	0	900020	0
1461	攻击1-箭魔	1	10	0	1	2	2.5	7	1	0	0	0	0	0	0	0.76	1	900206	0	0	0	0	0	0	0	900402	2	1	0	0	900020	0
1471	攻击1-锤魔	1	10	0	1	1	1.5	7	1	0	0	0	0	0	0	0.6	1	0	0	0	0	0	0	0	0	900401	2	1	0	0	900020	0
1481	攻击1-鲤鱼精	1	10	0	1	1	1.67	7	1	0	0	0	0	0	0	0.6	1	0	0	0	0	0	0	0	0	900404	2	1	0	0	900020	0
1491	攻击1-老龟精	1	10	0	1	2	2.5	7	1	0	0	0	0	0	0	0.6	1	900211	0	0	1	25	0.1	0	0	900404	2	1	0	0	900020	0
1501	攻击1-黑鱼精	1	10	0	1	1	1.33	7	1	0	0	0	0	0	0	0.633	1	0	0	0	0	0	0	0	0	900714	2	1	0	0	900020	0
1511	幽冥鬼爪-白骨娘娘	1	10	0	1	2	1.5	7	1	0	0	0	0	0	0	0.633	1	900212	0	0	1	22	0	0	0.3	900326	0	1	0	0	900020	0
1521	攻击1-火娃	1	10	0	1	1	1	7	1	0	0	0	0	0	0	0.633	1	0	0	0	0	0	0	0	0	900714	2	1	0	0	900020	0
1531	攻击1-逍遥子	1	10	0	1	1	1	7	1	0	0	0	0	0	0	0.633	1	0	0	0	0	0	0	0	0	900714	2	1	0	0	900020	0
1541	攻击1-哪吒	1	10	0	1	1	1	7	1	0	0	0	0	0	0	0.633	1	0	0	0	0	0	0	0	0	900714	2	1	0	0	900020	0
1551	攻击1-雷公	1	10	0	1	1	1	7	1	0	0	0	0	0	0	0.633	1	0	0	0	0	0	0	0	0	900714	2	1	0	0	900020	0
1561	攻击1-牛头人	1	10	0	1	1	1	7	1	0	0	0	0	0	0	0.633	1	0	0	0	0	0	0	0	0	900714	2	1	0	0	900020	0
1571	攻击1-飞蛇	1	10	0	1	2	1.35	7	1	0.2	900202	1	1	1	0.6	0.6	1	900202	1	2	1	30	0	0	0	900416	2	1	0	0	900020	0
1581	人参娃	1	10	0	1	3	1.8	7	1	0	0	0	0	0	0	0.8	1	0	0	2	0	0	0	900740	0.2	900438	10	1	0	0	900020	0
1591	攻击1-女恶霸	1	10	0	1	1	1.17	7	1	0	0	0	0	0	0	0.5	1	0	0	2	0	0	0	0	0	900714	2	1	0	0	900020	0
1601	攻击2-冥尸	1	10	0	1	1	1.66	8	1	0	0	0	0	0	0	0.5	1	0	0	2	0	0	0	0	0	900425	2	1	0	0	900020	0
1611	攻击1-长刀女	1	10	0	1	1	1.66	7	1	0	0	0	0	0	0	0.46	1	0	0	2	0	0	0	0	0	900402	2	1	0	0	900020	0
1621	攻击1-狗头军师	1	10	0	1	2	1.8	7	1	0	900110	0	0	1	0	0.4	1	900203	5	2	1	25	0	0	0	900407	2	1	0	0	900020	0
1631	攻击1-守树神妪	1	10	0	1	3	1.5	7	1	0	0	0	0	0	0	0.4	1	0	5	2	0	0	0	0	0	900740	2	1	0	0	900020	0
1641	攻击1-黑白无常	1	10	0	1	1	1.2	7	1	0	0	0	0	0	0	0.56	1	0	0	2	0	0	0	0	0	900425	2	1	0	0	900020	0
5001	南山大王	1	10	0	1	1	1.5	7	1	0	0	0	0	1	1	0.5	1	0	0	2	0	0	0	0	0	900401	2	1	0	0	900020	0
5002	危月燕	1	10	0	2	3	2.5	7	1	0	0	0	0	1	1	0.4	1	0	0	2	0	0	0	900741	0.1	900401	2	1	0	0	900020	0
5003	蛤蟆精	1	10	0	1	1	1.67	7	1	0	0	0	0	0	0	0.66	1	0	0	0	0	0	0	0	0	900402	2	1	0	0	900020	0
5004	火猪	1	10	0	1	1	1.5	7	1	0	0	0	0	1	1	0.56	1	0	0	2	0	0	0	0	0	900402	2	1	0	0	900020	0
5005	逍遥子	1	10	0	1	1	1.94	7	1	0	0	0	0	0	0	1.13	1	0	0	0	0	0	0	0	0	900714	2	1	0	0	900020	0
5006	岩石怪	1	10	0	1	1	1.07	7	1	0	0	0	0	0	0	0.4	1	0	0	0	0	0	0	0	0	900401	2	1	0	0	900020	0
5007	鲤鱼精	1	10	0	1	1	1.67	7	1	0	0	0	0	0	0	0.6	1	0	0	0	0	0	0	0	0	900404	2	1	0	0	900020	0
5008	花妖	1	10	0	1	1	1.67	7	1	0	0	0	0	0	0	0.6	1	0	0	0	0	0	0	0	0	900714	2	1	0	0	900020	0
5009	白熊怪	1	10	0	1	1	1.4	7	1	0.2	900701	0	0	0	0	0.7	1	0	0	0	0	0	0	0	0	900401	2	1	0	0	900020	0
5010	白骨娘娘	1	10	0	1	2	1.5	7	1	0	0	0	0	0	0	0.633	1	900212	0	0	1	22	0	0	0.3	900326	0	1	0	0	900020	0
5011	苍火长老	1	10	0	1	3	1.8	7	1	0	0	0	0	0	0	0.7	1	0	0	0	0	0	0	900410	0	900407	0	1	0	0	900020	0
5012	火麒麟	1	10	0	1	3	1.8	7	1	0.3	900109	0	0	0	0	0.4	1	0	0	0	0	0	0	900409	0.6	900408	0	1	0	0	900020	0
5013	梼杌	1	10	0	1	1	1.66	7	1	0	0	0	0	0	0	0.53	1	0	0	0	0	0	0	0	0	900402	2	1	0	0	900020	0
5014	水貐	1	10	0	2	3	2	8	1	1	900115	0	0	0	0	1.5	1	0	0	0	0	0	0	900433	0	900430	2	1	0	0	900020	0
5015	冰魄怪	1	10	0	1	2	2	7	1	0	0	0	0	0	0	0.7	1	900201	5	2	1	25	0	0	0	900430	2	1	0	0	900020	0
5016	越来峰	1	10	0	1	1	1.5	7	1	0	0	0	0	1	1	1	1	0	0	2	0	0	0	0	0	900402	2	1	0	0	900020	0
5017	火娃	1	10	0	1	1	1	7	1	0	0	0	0	0	0	0.633	1	0	0	0	0	0	0	0	0	900714	2	1	0	0	900020	0
5018	哪吒	1	10	0	1	1	1.93	7	1	0	0	0	0	0	0	1	1	0	0	0	0	0	0	0	0	0	2	1	0	0	900020	0
5019	雷公	1	10	0	1	1	1.5	7	1	0	0	0	0	0	0	1	1	0	0	0	0	0	0	0	0	0	2	1	0	0	900020	0
5020	牛头妖	1	10	0	1	1	1.5	7	1	0	0	0	0	0	0	1	1	0	0	2	0	0	0	0	0	900402	2	1	0	0	900020	0
5021	人参娃	1	10	0	1	3	1.8	7	1	0	0	0	0	0	0	0.8	1	0	0	2	0	0	0	900740	0.2	900438	10	1	0	0	900020	0
5022	杨戬	1	10	0	1	1	1.33	7	1	0	0	0	0	0	0	0.5	1	0	0	0	0	0	0	0	0	900448	2	1	0	0	900020	0
5023	嫦娥	1	10	0	1	3	3	7	1	0	0	0	0	0	0	0.8	1	0	0	2	0	0	0	0	0	900450	0	1	0	0	900020	0
10001	雷霆万钧	3	10	1	1	1	4.2	10	1	0	900125	0	0	0	0	0.63	1	0	0	0	0	0	0	0	0	0	0	1	0	0	900025	0
10002	追风捕月	3	10	0	1	3	4	8	1	0.3	900118	0	0	1	3	1.5	1	0	0	0	0	0	0	900315	0.1	900402	0	1	0	0	900025	0
10003	地动山摇	3	10	1	1	1	4.5	7	1	0	900119	0	0	1	2.5	1.8	1	0	0	0	0	0	0	900316	0.1	900402	0	1	0	0	900025	0
10004	九霄冲鸣	3	10	1	3	3	2.5	8	1	0.5	900122	0	0	1	2.5	1.8	1	0	0	0	1	0	0	0	0	900710	0	1	900018	0	0	0
10005	铜墙铁壁	3	10	1	3	3	1.5	8	1	0	0	0	0	0	0	0.8	1	0	0	0	1	0	0	0	0	0	0	1	0	0	0	0
10006	天崩地裂	3	10	1	1	3	4.5	8	0.5	0.8	900122	0	0	1	2.5	0.5	1	0	0	0	1	0	0	900331	0.5	900401	0	1	900018	0.6	900019	0
10007	武神入体	3	10	1	3	3	3.5	8	0.5	0.5	900120	0	0	1	2.5	1.8	1	0	0	0	1	0	0	900731	0.4	900401	0	1	0	0	900018	0
10008	雷霆万钧测试	3	10	1	1	1	4.2	10	1	0	900125	0	0	1	4	0	1	0	0	0	0	0	0	0	0	0	0	1	0	0	900025	0
11001	神力	0	10	1	1	0	0	0	0	0	0	0	0	0	0	0	0	0	0	0	0	0	0	0	0	0	0	0	0	0	0	0
11002	巧劲	0	10	1	1	0	0	0	0	0	0	0	0	0	0	0	0	0	0	0	0	0	0	0	0	0	0	0	0	0	0	0
11003	体魄	0	10	1	1	0	0	0	0	0	0	0	0	0	0	0	0	0	0	0	0	0	0	0	0	0	0	0	0	0	0	0
11004	忍耐	0	10	1	1	0	0	0	0	0	0	0	0	0	0	0	0	0	0	0	0	0	0	0	0	0	0	0	0	0	0	0
11005	勇武	0	10	1	1	0	0	0	0	0	0	0	0	0	0	0	0	0	0	0	0	0	0	0	0	0	0	0	0	0	0	0
11006	护体	0	10	1	1	0	0	0	0	0	0	0	0	0	0	0	0	0	0	0	0	0	0	0	0	0	0	0	0	0	0	0
11007	统帅	0	10	1	1	0	0	0	0	0	0	0	0	0	0	0	0	0	0	0	0	0	0	0	0	0	0	0	0	0	0	0
11008	体魄	0	10	1	1	0	0	0	0	0	0	0	0	0	0	0	0	0	0	0	0	0	0	0	0	0	0	0	0	0	0	0
11009	勇武	0	10	1	1	0	0	0	0	0	0	0	0	0	0	0	0	0	0	0	0	0	0	0	0	0	0	0	0	0	0	0
11010	统帅	0	10	1	1	0	0	0	0	0	0	0	0	0	0	0	0	0	0	0	0	0	0	0	0	0	0	0	0	0	0	0
11011	守备	0	10	1	1	0	0	0	0	0	0	0	0	0	0	0	0	0	0	0	0	0	0	0	0	0	0	0	0	0	0	0
11012	护身	0	10	1	1	0	0	0	0	0	0	0	0	0	0	0	0	0	0	0	0	0	0	0	0	0	0	0	0	0	0	0
20001	噬魂箭矢	3	10	3	1	2	2.5	8	1	0	900207	4	1	1	0.7	0.7	1	900207	5	0	1	35	0	0	0	900427	2	1	0	0	0	0
20002	百步穿杨	3	10	3	1	1	2.5	8	0.8	0.9	900214	0	0	1	3	1	1	900206	0	0	0	0	0	0	0	900714	2	1	0	0	0	0
20003	降魔之箭	3	10	3	1	3	4	10	1	0	900707	0	0	1	1.5	2	1	0	0	0	1	0	0	900706	0	900426	0	1	0	0	900018	0
20004	咒缚之矢	3	10	3	1	2	2.5	8	1	0	900103	4	1	1	0.7	0.7	1	900206	5	0	1	35	0	0	0	0	0	1	0	0	0	0
20005	疾风影步	3	10	3	1	2	2.5	8	1	0	900103	0	0	1	0.7	0.7	1	900206	5	0	1	35	0	0	0	900714	0	1	0	0	0	0
20006	灭影追风	3	10	3	1	2	4	9	1	0	900103	4	1	1	1.2	1.2	1	900208	5	0	1	35	0	900722	0.3	900426	0	1	0	0	0	0
20007	九天应龙	3	10	3	1	3	6	7	1	0	900112	0	0	1	1.7	2.5	1	0	0	0	1	0	0	900703	0.8	900412	0	1	0	0	900018	0
21001	灵巧	0	10	3	1	0	0	0	0	0	0	0	0	0	0	0	0	0	0	0	0	0	0	0	0	0	0	0	0	0	0	0
21002	追击	0	10	3	1	0	0	0	0	0	0	0	0	0	0	0	0	0	0	0	0	0	0	0	0	0	0	0	0	0	0	0
21003	疾风	0	10	3	1	0	0	0	0	0	0	0	0	0	0	0	0	0	0	0	0	0	0	0	0	0	0	0	0	0	0	0
21004	心眼	0	10	3	1	0	0	0	0	0	0	0	0	0	0	0	0	0	0	0	0	0	0	0	0	0	0	0	0	0	0	0
21005	勇武	0	10	3	1	0	0	0	0	0	0	0	0	0	0	0	0	0	0	0	0	0	0	0	0	0	0	0	0	0	0	0
21006	精准	0	10	3	1	0	0	0	0	0	0	0	0	0	0	0	0	0	0	0	0	0	0	0	0	0	0	0	0	0	0	0
21007	意志	0	10	3	1	0	0	0	0	0	0	0	0	0	0	0	0	0	0	0	0	0	0	0	0	0	0	0	0	0	0	0
21008	蓄力	0	10	3	1	0	0	0	0	0	0	0	0	0	0	0	0	0	0	0	0	0	0	0	0	0	0	0	0	0	0	0
21009	勇武	0	10	3	1	0	0	0	0	0	0	0	0	0	0	0	0	0	0	0	0	0	0	0	0	0	0	0	0	0	0	0
21010	意志	0	10	3	1	0	0	0	0	0	0	0	0	0	0	0	0	0	0	0	0	0	0	0	0	0	0	0	0	0	0	0
21011	灵活	0	10	3	1	0	0	0	0	0	0	0	0	0	0	0	0	0	0	0	0	0	0	0	0	0	0	0	0	0	0	0
21012	疾风	0	10	3	1	0	0	0	0	0	0	0	0	0	0	0	0	0	0	0	0	0	0	0	0	0	0	0	0	0	0	0
30001	三昧真火	3	10	2	1	3	3.5	8	1	0.7	900109	0	0	1	2	1.5	1	0	0	0	1	0	0	0	0	0	0	1	0	0	0	0
30002	焦炎炼狱	3	10	2	1	3	4	8	1	0.7	900109	0	0	1	2	0.8	1	0	0	0	1	0	0	900713	0.5	900407	2	1	0	0	900019	0
30003	灵力护盾	3	10	2	3	3	1.5	8	1	0.7	900109	0	0	1	2	0.5	1	0	0	0	1	0	0	0	0	0	0	0	0	0	0	0
30004	枯木再生	3	10	2	2	3	5	7	1	0.5	900115	0	0	1	2	0.5	1	0	0	0	1	0	0	900314	1	900418	0	1	0	0	0	0
30005	茹毛饮血	3	10	2	1	1	3.8	8	1	0.5	900123	0	0	1	2.8	0.5	1	0	0	0	1	0	0	0	1	900002	2	1	0	0	0	0
30006	黑洞召唤	3	10	2	1	3	3	8	1	0.7	0	0	0	0	0	1	1	0	0	0	1	0	0	900332	0	0	0	1	0	0	0	0
30007	灵界召唤	3	10	2	1	3	1.5	8	1	0.5	0	0	0	0	2	1	1	0	0	0	1	0	0	0	0	0	0	1	0	0	0	0
30008	极光	3	10	2	1	1	1.5	7	1	0.5	900124	0	0	0	2	0.6	1	0	0	0	1	0	0	0	0	900705	0	1	0	0	0	0
30009	鼓舞	3	10	2	3	3	1.5	9	1	0.5	900115	0	0	0	2	1	1	0	0	0	1	0	0	0	0.5	900709	0	1	0	0	0	0
31001	智慧	0	10	2	1	0	0	0	0	0	0	0	0	0	0	0	0	0	0	0	0	0	0	0	0	0	0	0	0	0	0	0
31002	反射	0	10	2	1	0	0	0	0	0	0	0	0	0	0	0	0	0	0	0	0	0	0	0	0	0	0	0	0	0	0	0
31003	护甲	0	10	2	1	0	0	0	0	0	0	0	0	0	0	0	0	0	0	0	0	0	0	0	0	0	0	0	0	0	0	0
31004	摄魂	0	10	2	1	0	0	0	0	0	0	0	0	0	0	0	0	0	0	0	0	0	0	0	0	0	0	0	0	0	0	0
31005	心神	0	10	2	1	0	0	0	0	0	0	0	0	0	0	0	0	0	0	0	0	0	0	0	0	0	0	0	0	0	0	0
31006	勇武	0	10	2	1	0	0	0	0	0	0	0	0	0	0	0	0	0	0	0	0	0	0	0	0	0	0	0	0	0	0	0
31007	容器	0	10	2	1	0	0	0	0	0	0	0	0	0	0	0	0	0	0	0	0	0	0	0	0	0	0	0	0	0	0	0
31008	心神	0	10	2	1	0	0	0	0	0	0	0	0	0	0	0	0	0	0	0	0	0	0	0	0	0	0	0	0	0	0	0
31009	勇武	0	10	2	1	0	0	0	0	0	0	0	0	0	0	0	0	0	0	0	0	0	0	0	0	0	0	0	0	0	0	0
31010	强身	0	10	2	1	0	0	0	0	0	0	0	0	0	0	0	0	0	0	0	0	0	0	0	0	0	0	0	0	0	0	0
31011	容器	0	10	2	1	0	0	0	0	0	0	0	0	0	0	0	0	0	0	0	0	0	0	0	0	0	0	0	0	0	0	0
31012	抗魔	0	10	2	1	0	0	0	0	0	0	0	0	0	0	0	0	0	0	0	0	0	0	0	0	0	0	0	0	0	0	0
40001	风暴利爪-老虎	3	10	0	1	1	2	7	1	0	0	0	0	0	0	0.5	1	0	0	0	0	0	0	900315	0	900402	0	1	0	0	0	0
40002	咆哮-老虎	3	10	0	1	3	1.5	12	1	0	0	0	0	0	0	0.5	1	0	0	0	0	0	0	0	0	900402	0	1	0	0	0	0
40003	虎吼炮-老虎	3	10	0	1	1	1.5	8	1	0.4	900735	0	0	0	0	0.5	1	0	0	0	0	0	0	0	0	900705	0	1	900018	0.5	0	0
40004	霜冻打击-老虎（白）	3	10	0	1	1	2	7	1	0	0	0	0	0	0	0.7	1	0	0	0	0	0	0	0	0	900405	2	1	0	0	0	0
40005	爆炎-老虎(红)	3	10	0	1	3	4	12	1	0	900109	0	0	0	0	1	1	0	0	0	0	0	0	900409	0.3	900408	0	1	0	0	0	0
40006	奇袭	3	10	0	1	1	2	8	1	0	0	0	0	0	0	0.5	1	0	0	0	0	0	0	0	0	900425	2	1	0	0	0	0
40007	强袭	3	10	0	1	1	2	7	1	0	0	0	0	0	0	0.6	1	0	0	0	0	0	0	0	0	900105	0	1	0	0	0	0
40011	重击-熊怪	3	10	0	1	1	2	8	1	0	0	0	0	0	0	0.83	1	0	0	0	0	0	0	900105	0	900425	2	1	0	0	900018	0
40012	狂暴-熊怪	3	10	0	3	3	1.5	7	1	0	0	0	0	0	0	0.5	1	0	0	0	0	0	0	0	0	0	0	1	0	0	0	0
40013	破甲-熊怪	3	10	0	1	1	1.5	8	1	0	0	0	0	0	0	0.83	1	0	0	0	0	0	0	0	0	900105	0	1	0	0	900018	0
40014	撕裂-熊怪	3	10	0	1	1	1.5	8	1	0	0	0	0	0	0	0.83	1	0	0	0	0	0	0	0	0	900105	0	1	0	0	900018	0
40021	烈焰喷射-熔岩怪	3	10	0	1	1	2	8	1	0.4	900106	0	0	1	1.5	0.5	1	0	0	0	0	0	0	900312	0	900435	0	1	0	0	0	0
40022	溶甲-熔岩怪（防御下降）	3	10	0	1	1	1.5	7	1	0.4	900101	0	0	1	1.5	0.5	1	0	0	0	0	0	0	0	0	900408	0	1	0	0	900018	0
40023	喷炎-熔岩怪（横排）	3	10	0	1	3	1.5	7	1	0	900109	0	0	1	1.5	1	1	0	0	0	0	0	0	0	0	900408	0	1	0	0	900018	0
40024	灼热-熔岩怪（灼烧buff）	3	10	0	1	1	1.5	7	1	0.4	900101	0	0	1	1.5	0.5	1	0	0	0	0	0	0	0	0	900408	0	1	0	0	900018	0
40031	急救	3	10	0	3	3	1.5	9	1	0	0	0	0	0	0	0.86	1	0	0	0	0	0	0	0	0	900418	0	1	0	0	0	0
40032	武器破坏-猛壮士（攻击下降50%）	3	10	0	1	1	1.5	7	1	0.5	900101	0	0	0	0	0.5	1	0	0	0	0	0	0	0	0	900402	2	1	0	0	0	0
40033	半月斩-猛壮士（横排）	3	10	0	1	1	2	8	1	0.2	900102	0	0	1	1.5	0.86	1	0	0	0	0	0	0	900315	0	900402	2	1	0	0	900018	0
40034	激励-猛壮士（全体士气上升）	3	10	0	1	3	1.5	9	1	0	0	0	0	0	0	0.86	1	0	0	0	0	0	0	0	0	0	0	1	0	0	0	0
40041	力拼-山城土匪	3	10	0	1	1	1.67	8	1	0	0	0	0	0	0	1.03	1	0	0	0	0	0	0	900315	0.1	900402	2	1	0	0	900018	0
40042	割伤-山城土匪（破甲）	3	10	0	1	1	1.67	8	1	0	0	0	0	0	0	1.03	1	0	0	0	0	0	0	0	0	900402	2	1	0	0	0	0
40043	裂地斩-山城土匪(纵一排)	3	10	0	1	1	1.83	7	1	1.1	900101	0	0	0	0	1.1	1	0	0	0	0	0	0	900316	0	900402	2	1	0	0	900018	0
40044	生命偷取-山城土匪	3	10	0	1	1	1.67	8	1	1.1	900101	0	0	0	0	1.1	1	0	0	0	0	0	0	0	0	900402	2	1	0	0	0	0
40051	吸血-冥妖	3	10	0	1	1	4	8	1	0.8	900123	0	0	1	2.8	0.8	1	0	0	0	0	0	0	0	0	900002	2	1	0	0	0	0
40052	鲜血大阵-冥妖	3	10	0	1	1	1.5	8	1	0.7	900735	0	0	0	0	0.8	1	0	0	0	0	0	0	0	0	900705	0	1	0	0	0	0
40053	幽冥鬼爪-冥妖	3	10	0	1	2	3	8	1	0	0	0	0	0	0	0.8	1	900212	0	0	1	22	0	0	0.5	900326	0	1	0	0	900025	0
40054	尸毒-冥妖（中毒）	3	10	0	1	1	2.5	7	1	0	0	0	0	0	0	0.5	1	900212	0	0	1.5	22	0	0	0	900416	0	1	0	0	900025	0
40061	开山断岩	3	10	0	1	1	3	8	1	0	0	0	0	0	0	1.7	1	0	0	0	0	0	0	900312	0	900425	0	1	0	0	900018	0
40062	多段攻击测试	3	10	0	1	1	3	8	1	1.8	900101	0	0	1	1	0	1	0	0	0	0	0	0	0	0	0	0	1	0	0	900018	0
40071	割伤-山贼(流血)	3	10	0	1	1	1.5	8	1	0	0	0	0	0	0	0.86	1	0	0	0	0	0	0	0	0	0	0	1	0	0	0	0
40072	生命偷取-山贼	3	10	0	1	1	1.5	8	1	0	0	0	0	0	0	0.86	1	0	0	0	0	0	0	0	0	0	0	1	0	0	0	0
40073	杀气偷取-山贼	3	10	0	1	1	1.5	8	1	0	0	0	0	0	0	0.86	1	0	0	0	0	0	0	0	0	0	0	1	0	0	0	0
40074	刺穿-山贼(防御下降50%)	3	10	0	1	1	1.5	8	1	0	0	0	0	0	0	0.86	1	0	0	0	0	0	0	0	0	0	0	1	0	0	0	0
40081	瘟疫-鬼面人	3	10	0	1	3	7	8	1	0	0	0	0	0	0	0.86	1	0	0	0	0	0	0	900309	3	900427	2	1	0	0	0	0
40082	亢奋之舞-鬼面人（自我中心十字杀气上升30）	3	10	0	3	3	3	8	1	0	0	0	0	0	0	0.86	1	0	0	0	0	0	0	0	0	0	2	1	0	0	0	0
40083	鼓动之舞-鬼面人（自我中心十字攻击力上升20%）	3	10	0	3	3	3	8	1	0	0	0	0	0	0	0.86	1	0	0	0	0	0	0	0	0	0	2	1	0	0	0	0
40084	浓缩毒气弹	3	10	0	1	3	5	8	1	0	0	0	0	0	0	0.86	1	0	0	0	0	0	0	900711	0	900427	2	1	0	0	0	0
40091	毒液喷射-蜘蛛精	3	10	0	1	2	2	8	1	0	900202	3	0	1	1	0.93	1	900202	3	2	1	15	0.2	0	0	900416	2	1	0	0	900025	0
40092	刺穿-蜘蛛精	3	10	0	1	1	1.5	8	1	0	900202	3	0	1	1	0.93	1	0	3	2	0	0	0	0	0	900003	2	1	0	0	900025	0
40093	毒液喷射-蜘蛛精	3	10	0	1	2	2.5	8	1	0	900202	3	0	1	1	0.93	1	900202	3	2	1	15	0.2	0	0	900416	2	1	0	0	0	0
40094	召唤蜘群-蜘蛛精	3	10	0	1	2	2.5	8	1	0	900202	3	0	1	1	0.93	1	900202	3	2	1	15	0.2	0	0	900416	2	1	0	0	0	0
40101	唤水-蜥蜴精	3	10	0	1	3	3.5	8	1	0.66	900108	0	0	1	1.5	2	1	0	0	0	0	0	0	900321	0	900404	0	1	0	0	0	0
40102	治愈-蜥蜴精(自我治疗)	3	10	0	3	3	1.5	8	1	0.66	900108	0	0	1	1.5	1	1	0	0	0	0	0	0	0	0	900418	0	1	0	0	0	0
40103	撕裂-蜥蜴精(造成流血效果)	3	10	0	1	1	1.5	8	1	0.66	0	0	0	0	0	0.66	1	0	0	0	0	0	0	0	0	900428	0	1	0	0	0	0
40104	离火咒-蜥蜴精	3	10	0	1	3	4	8	1	0	0	0	0	0	0	1	1	0	0	0	1	0	0	900409	0.4	900408	0	1	0	0	0	0
40111	烈风斩-旱魃	3	10	0	1	1	2	8	1	0	0	0	0	0	0	0.86	1	0	0	0	0	0	0	900316	0	900402	0	1	0	0	0	0
40112	飞沙走石-旱魃(目标十字范围旋风）	3	10	0	1	3	3	8	1	0	0	0	0	0	0	0.86	1	0	0	0	0	0	0	900313	0	900402	0	1	0	0	0	0
40113	重击-旱魃( 单体高伤害)	3	10	0	1	1	2	7	1	0	0	0	0	0	0	0.46	1	0	0	0	0	0	0	900435	0	900402	0	1	0	0	0	0
40114	漆黑-旱魃（目标命中下降）	3	10	0	1	1	2	8	1	0	0	0	0	0	0	0.86	1	0	0	0	0	0	0	900316	0	900402	0	1	0	0	0	0
40121	剧毒蜂尾针-玄蜂	3	10	0	1	1	1.5	8	1	0.1	900202	3	0	1	1	1	1	0	0	0	0	0	0	0	0	900427	2	1	0	0	0	0
40122	蜜糖-玄蜂（自我治愈）	3	10	0	3	3	1.5	8	1	0	0	3	0	0	0	1	1	0	0	0	0	0	0	0	0	900418	2	1	0	0	0	0
40123	刺穿-玄蜂（防御力下降30%）	3	10	0	1	1	1.5	8	1	0	0	3	0	1	1	1	1	0	0	0	0	0	0	0	0	900427	2	1	0	0	0	0
40124	麻痹-玄蜂(麻痹)	3	10	0	1	1	1.5	8	1	0	0	3	0	1	1	1	1	0	0	0	0	0	0	0	0	900427	2	1	0	0	0	0
40131	饮血-土蝠	3	10	0	1	1	4	8	1	1	900123	0	0	1	2.8	1	1	0	0	0	0	0	0	0	0	900002	2	1	0	0	0	0
40132	低鸣-土蝠(自身，回避命中上升50%一个回合)	3	10	0	3	3	4	8	1	1	900107	1	0	1	2.8	1	1	0	0	0	0	0	0	0	0	0	2	1	0	0	0	0
40133	旋风-土蝠(十字范围)	3	10	0	1	3	5	8	1	1	900107	1	0	1	2.8	1.5	1	0	0	0	0	0	0	900313	0.5	900402	2	1	0	0	0	0
40134	饮血-土蝠	3	10	0	1	1	1.5	8	1	1	900123	0	0	1	2.8	1	1	0	0	0	0	0	0	0	0	900002	2	1	0	0	0	0
40141	十字冰封-寒狼	3	10	0	1	1	2	8	1	0	900108	0	0	0	0	0.8	1	0	0	0	0	0	0	900305	0	900430	2	1	0	0	0	0
40142	嗜血-寒狼（吸血）	3	10	0	1	1	2	7	1	0	0	0	0	0	0	0.66	1	0	0	0	0	0	0	900403	0	900430	2	1	0	0	0	0
40143	割裂-寒狼（流血）	3	10	0	1	1	2	7	1	0	0	0	0	0	0	0.66	1	0	0	0	0	0	0	900403	0	900430	2	1	0	0	0	0
40144	重击-寒狼	3	10	0	1	1	2	8	1	0	0	0	0	0	0	0.8	1	0	0	0	0	0	0	900425	0	900430	2	1	0	0	0	0
40151	地裂-金牛	3	10	0	1	1	2	8	1	0.8	900101	0	0	1	1.5	0.8	1	0	0	0	0	0	0	900737	0	900401	0	1	0	0	900018	0
40152	重击-金牛	3	10	0	1	1	1.5	8	1	0.8	900101	0	0	1	1.5	0.8	1	0	0	0	0	0	0	0	0	900435	0	1	0	0	900018	0
40153	千年盾-金牛（防御大幅上身1回合）	3	10	0	3	3	1.5	8	1	0.8	900101	0	0	1	1.5	0.8	1	0	0	0	0	0	0	0	0	0	0	1	0	0	0	0
40154	地裂-金牛	3	10	0	1	1	2	8	1	0.8	900101	0	0	1	1.5	0.8	1	0	0	0	0	0	0	900737	0	900401	0	1	0	0	900018	0
40161	契约	3	10	0	1	3	1.5	7	1	0	0	0	0	0	0	0.8	1	0	0	0	0	0	0	0	0	0	0	1	0	0	0	0
40162	扫荡	3	10	0	1	1	2	8	1	0.5	900701	0	0	0	0	0.8	1	0	0	0	0	0	0	900737	0	900402	0	1	0	0	0	0
40171	冲撞-野猪	3	10	0	1	1	1.5	8	1	0	0	0	0	0	0	1	1	0	0	0	0	0	0	0	0	900705	0	1	0	0	0	0
40172	猪牙攻击-野猪(造成流血效果)	3	10	0	1	1	1.5	7	1	0	0	0	0	0	0	0.34	1	0	0	0	0	0	0	0	0	900402	2	1	0	0	0	0
40173	亢奋-野猪（2回合内攻击大幅上升）	3	10	0	3	3	1.5	7	1	0	0	0	0	0	0	1	1	0	0	0	0	0	0	0	0	0	0	1	0	0	0	0
40174	冲撞-野猪	3	10	0	1	1	1.5	8	1	0	0	0	0	0	0	1	1	0	0	0	0	0	0	0	0	900705	0	1	0	0	0	0
40181	痛饮鲜血	3	10	0	1	1	4	8	1	0.6	900123	0	0	1	2.8	0.6	1	0	0	0	0	0	0	0	0	900002	2	1	0	0	0	0
40191	巨翼风暴	3	10	0	1	3	5	8	1	0	0	0	0	0	0	1	1	0	0	0	0	0	0	900313	1.5	900402	0	1	0	0	900018	0
40201	枯木再生	3	10	0	1	3	4	8	1	0	900115	0	0	1	1.8	1	1	0	0	0	0	0	0	900314	0.5	900418	0	1	0	0	0	0
40211	攻击2-火猪	3	10	0	1	1	2	8	1	0	0	0	0	0	0	0.63	1	0	0	0	0	0	0	900737	0.2	900402	0	1	0	0	900025	0
40212	激奋-火猪（单体攻击升）	3	10	0	1	1	1.5	7	1	0	0	0	0	0	0	0.56	1	0	0	0	0	0	0	0	0	0	0	1	0	0	0	0
40213	钉耙重击-火猪（流血）	3	10	0	1	1	1.5	8	1	0	0	0	0	0	0	0.63	1	0	0	0	0	0	0	0	0	900403	2	1	0	0	0	0
40214	急救-火猪(自己治疗)	3	10	0	3	3	1.5	7	1	0	0	0	0	0	0	0.56	1	0	0	0	0	0	0	0	0	900418	0	1	0	0	0	0
40221	溶甲	3	10	0	1	3	5	8	1	0.1	900109	0	0	1	2	1.2	1	0	0	0	0	0	0	900713	1.5	900435	0	1	0	0	0	0
40231	攻击2-水貐(区域)	3	10	0	1	3	5	8	1	0.6	900108	0	0	0	0	1	1	0	0	0	0	0	0	900321	1.2	900404	0	1	0	0	0	0
40232	攻击2-水貐（单体）	3	10	0	1	3	4	8	1	0.6	900108	0	0	0	0	1.5	1	0	0	0	0	0	0	900301	0.5	900301	0	1	0	0	0	0
40233	拍击-水貐(杀气下降70)	3	10	0	1	3	1.5	7	1	0	0	0	0	0	0	0.46	1	0	0	0	0	0	0	0	0	900403	0	1	0	0	0	0
40234	攻击2-水貐(区域)	3	10	0	1	3	5	8	1	0.6	900108	0	0	0	0	1	1	0	0	0	0	0	0	900321	1.2	900404	0	1	0	0	0	0
40241	攻击2-方良兽(流血)	3	10	0	1	1	1.5	8	1	0	0	0	0	0	0	0.7	1	0	0	0	0	0	0	0	0	900402	0	1	0	0	0	0
40242	风暴利爪-方良兽	3	10	0	1	1	2	7	1	0	0	0	0	0	0	0.5	1	0	0	0	0	0	0	900315	0	900402	0	1	0	0	0	0
40243	重击-方良兽(高伤害)	3	10	0	1	1	1.5	8	1	0	0	0	0	0	0	0.7	1	0	0	0	0	0	0	0	0	900402	0	1	0	0	0	0
40244	硬化	3	10	0	3	3	1.5	7	1	0	0	0	0	0	0	0.5	1	0	0	0	0	0	0	0	0	0	0	1	0	0	0	0
40251	百川朝海	3	10	0	1	3	4	8	1	0.76	900108	0	0	0	0	1.2	1	0	0	0	0	0	0	900731	0.5	900404	0	1	0	0	0	0
40261	战争怒吼	3	10	0	3	3	1.5	8	1	0	0	0	0	0	0	0.7	1	0	0	0	0	0	0	0	0	0	0	1	0	0	0	0
40262	攻击2-穷奇(吞噬)	3	10	0	1	1	1.5	8	1	0	0	0	0	0	0	0.7	1	0	0	0	0	0	0	0	0	900726	0	1	0	0	0	0
40271	攻击2-长刀忠魂	3	10	0	1	1	2	8	1	0.5	900701	0	0	0	0	0.8	1	0	0	0	0	0	0	900311	0	900435	0	1	0	0	0	0
40272	破甲-长刀忠魂	3	10	0	1	1	1.5	7	1	0.5	900101	0	0	0	0	0.63	1	0	0	0	0	0	0	0	0	900435	0	1	0	0	0	0
40273	一刀两段-长刀忠魂（单体高伤害）	3	10	0	1	1	1.5	7	1	0.5	900101	0	0	0	0	0.63	1	0	0	0	0	0	0	0	0	900435	0	1	0	0	0	0
40274	攻击2-长刀忠魂	3	10	0	1	1	2	8	1	0.5	900701	0	0	0	0	0.8	1	0	0	0	0	0	0	900311	0	900435	0	1	0	0	0	0
40281	攻击2-盾甲忠魂	3	10	0	1	1	1.5	8	1	0	0	0	0	0	0	0.46	1	0	0	0	0	0	0	0	0	900705	0	1	0	0	0	0
40282	千年盾-盾甲忠魂(格挡率上升至100%一个回合内)	3	10	0	3	3	1.5	7	1	0	0	0	0	0	0	0.46	1	0	0	0	0	0	0	0	0	0	0	1	0	0	0	0
40283	忠魂-盾甲忠魂(自身治愈)	3	10	0	3	3	1.5	7	1	0	0	0	0	0	0	0.46	1	0	0	0	0	0	0	0	0	900418	0	1	0	0	0	0
40284	攻击2-盾甲忠魂	3	10	0	1	1	1.5	8	1	0	0	0	0	0	0	0.36	1	0	0	0	0	0	0	0	0	900705	0	1	0	0	0	0
40291	炼狱	3	10	0	1	3	5	8	1	0.6	900109	0	0	1	2	1.43	1	0	0	0	0	0	0	900713	0.6	900407	0	1	0	0	900019	0
40301	愤怒冲击	3	10	0	1	1	2.5	8	1	0	0	0	0	0	0	1.1	1	0	0	0	0	0	0	900737	0	900401	2	1	0	0	900018	0
40311	吞噬	3	10	0	1	3	4	8	1	0	0	0	0	0	0	1.2	1	0	0	0	0	0	0	900434	0	900716	2	1	0	0	900019	0
40321	攻击2-白熊怪	3	10	0	1	1	3	8	1	0	0	0	0	0	0	1.33	1	0	0	0	0	0	0	900722	0	900426	0	1	0	0	900025	0
40322	横排-白熊怪	3	10	0	1	1	2	7	1	0.3	900701	0	0	0	0	0.7	1	0	0	0	0	0	0	900304	0	900405	0	1	0	0	900025	0
40323	攻击2-白熊怪	3	10	0	1	1	3	8	1	0	0	0	0	0	0	1.33	1	0	0	0	0	0	0	900722	0	900426	0	1	0	0	900025	0
40324	攻击2-白熊怪	3	10	0	1	1	3	8	1	0	0	0	0	0	0	1.33	1	0	0	0	0	0	0	900722	0	900426	0	1	0	0	900025	0
40331	攻击2-冰魄精	3	10	0	1	3	5	8	1	0.2	900108	0	0	1	1.8	1.8	1	0	0	0	0	0	0	900323	1.2	900405	2	1	0	0	0	0
40332	破甲-冰魄精(防御下降)	3	10	0	1	1	1.5	7	1	0.6	900106	0	0	1	1.8	0.7	1	0	0	0	0	0	0	0	0	900714	2	1	0	0	0	0
40333	冻结-冰魄精(目标冰封1回合)	3	10	0	1	3	4	8	1	0.2	900108	0	0	1	1.8	1.8	1	0	0	0	0	0	0	900406	0	900405	2	1	0	0	0	0
40334	攻击2-冰魄精	3	10	0	1	3	5	8	1	0.2	900108	0	0	1	1.8	1.8	1	0	0	0	0	0	0	900323	1.2	900405	2	1	0	0	0	0
40341	枯木再生	3	10	0	1	3	4	8	1	0	900115	0	0	1	1.8	0.83	1	0	0	0	0	0	0	900314	0.5	900418	0	1	0	0	0	0
40342	宁静-白鹿精	3	10	0	1	3	4	8	1	0	900115	0	0	1	1.8	0.83	1	0	0	0	0	0	0	900314	0.5	900418	0	1	0	0	0	0
40351	极光	3	10	0	1	1	2	8	1	1	900735	0	0	1	1.8	1	1	0	0	0	0	0	0	900724	0	900705	2	1	0	0	900018	0
40361	蓄力射击	3	10	0	2	2	4	8	1	0	900206	5	1	1	1	1.07	1	900205	5	2	1	30	0	0	0	900206	2	1	0	0	0	0
40371	纵排-巨石怪	3	10	0	1	1	1.5	8	1	0	0	0	0	1	1	0.77	1	0	0	2	0	0	0	0	0	900708	2	1	0	0	900018	0
40372	再生-巨石怪	3	10	0	3	3	1.5	7	1	0	0	0	0	1	1	0.4	1	0	0	2	0	0	0	0	0	900418	0	1	0	0	0	0
40373	格挡上升-巨石怪	3	10	0	3	3	1.5	7	1	0	0	0	0	1	1	0.4	1	0	0	2	0	0	0	0	0	900418	0	1	0	0	0	0
40374	横排-巨石怪	3	10	0	1	1	1.5	8	1	0	0	0	0	1	1	0.77	1	0	0	2	0	0	0	900737	0	900401	0	1	0	0	900018	0
40381	治愈-舞娘	3	10	0	1	3	2.5	8	1	0	0	0	0	1	1	0.63	1	0	0	2	0	0	0	0	0.5	900712	0	1	0	0	0	0
40382	暴雷术-舞娘	3	10	0	1	3	1.5	8	1	0	0	0	0	1	1	0.63	1	0	0	2	0	0	0	0	0	900401	2	1	0	0	0	0
40383	冰封-舞娘	3	10	0	1	3	1.5	8	1	0	0	0	0	1	1	0.63	1	0	0	2	0	0	0	0	0	900401	2	1	0	0	0	0
40384	炼狱-舞娘	3	10	0	1	3	3.5	8	1	0	0	0	0	1	1	0.63	1	0	0	2	0	0	0	0	0	0	2	1	0	0	0	0
40391	绝招-牢头	3	10	0	1	1	2.5	8	1	0	0	0	0	1	1	1.1	1	0	0	2	0	0	0	0	0	900401	2	1	0	0	900018	0
40401	绝招-守卫	3	10	0	1	1	1.5	8	1	0	0	0	0	1	1	0.9	1	0	0	2	0	0	0	0	0	900401	2	1	0	0	900018	0
40411	绝招-双头蛇	3	10	0	1	1	1.2	7	1	0	0	0	0	1	1	0.53	1	0	0	2	0	0	0	0	0	900425	2	1	0	0	900018	0
40421	绝招-刀魔	3	10	0	1	1	2.3	8	1	1.1	900101	0	0	1	1	1.2	1	0	0	2	0	0	0	900316	0.1	900402	2	1	0	0	900018	0
40431	绝招-蛤蟆精	3	10	0	1	1	3	8	1	1.33	900101	0	0	1	1.8	1.43	1	0	0	2	0	0	0	900316	0.1	900402	2	1	0	0	0	0
40441	绝招-猎犬	3	10	0	1	1	1.93	8	1	0	0	0	0	1	1	1.2	1	0	0	2	0	0	0	0	0	900448	2	1	0	0	900018	0
40451	治愈之舞-花妖	3	10	0	1	1	1.5	8	1	0	0	0	0	1	1	0.73	1	0	0	2	0	0	0	0	0	900418	2	1	0	0	900018	0
40452	荆棘之舞-花妖	3	10	0	1	3	3	8	1	0	0	0	0	1	1	0.73	1	0	0	2	0	0	0	900738	0.1	900402	2	1	0	0	900018	0
40453	激励之舞-花妖	3	10	0	1	3	1.5	8	1	0	0	0	0	1	1	0.73	1	0	0	2	0	0	0	0	0	900446	2	1	0	0	900018	0
40454	狂风之舞-花妖	3	10	0	1	3	4	8	1	0	0	0	0	1	1	0.73	1	0	0	2	0	0	0	900313	0.4	900401	2	1	0	0	900018	0
40461	蓄力射击-箭魔	3	10	0	1	2	3.5	8	1	0	0	0	0	1	1	1.23	1	900210	5	2	1	30	0	0	0	900412	2	1	0	0	900018	0
40462	贯通射击-箭魔	3	10	0	1	1	2.5	8	1	1.13	900214	0	0	1	1	1.23	1	0	0	2	0	0	0	0	0	900402	2	1	0	0	900018	0
40471	舞锤-锤魔	3	10	0	1	1	1.5	8	1	0	0	0	0	1	1	0.6	1	0	0	2	0	0	0	0	0	900401	2	1	0	0	900018	0
40472	地裂-锤魔	3	10	0	1	1	1.5	8	1	0	0	0	0	1	1	0.6	1	0	0	2	0	0	0	0	0	900401	2	1	0	0	900018	0
40473	狂怒-锤魔	3	10	0	1	3	1.5	8	1	0	0	0	0	1	1	0.6	1	0	0	2	0	0	0	0	0	900401	2	1	0	0	900018	0
40481	水袭-鲤鱼精	3	10	0	1	3	5	8	1	0	0	0	0	1	1	2.16	1	0	0	2	0	0	0	900321	0.1	900404	2	1	0	0	900018	0
40482	治愈-鲤鱼精	3	10	0	1	3	3.5	8	1	0	0	0	0	1	1	2.16	1	0	0	2	0	0	0	0	0	900418	2	1	0	0	900018	0
40483	怒涛-鲤鱼精	3	10	0	1	3	5	8	1	0	0	0	0	1	1	2.16	1	0	0	2	0	0	0	900321	0.5	900404	2	1	0	0	900018	0
40491	移山-老龟精	3	10	0	1	3	5	8	1	0	0	0	0	1	1	1.8	1	0	0	2	0	0	0	900330	0.5	900401	2	1	0	0	900018	0
40501	绝招-黑鱼精	3	10	0	1	1	3	8	1	0	0	0	0	1	1	0.96	1	0	0	2	0	0	0	900316	0.1	900402	2	1	0	0	900018	0
40511	绝招-白骨娘娘	3	10	0	1	3	2.3	8	1	0	0	0	0	0	0	1.23	1	0	0	0	0	0	0	0	0	900422	0	1	0	0	0	0
40521	绝招-火娃	3	10	0	1	1	1	7	1	0	0	0	0	0	0	0.633	1	0	0	0	0	0	0	0	0	900714	2	1	0	0	0	0
40531	绝招-逍遥子	3	10	0	1	3	3.5	8	1	0	0	0	0	0	0	2.16	1	0	0	0	0	0	0	900335	0.6	900714	2	1	0	0	0	0
40541	绝招-哪吒	3	10	0	1	1	1	7	1	0	0	0	0	0	0	0.633	1	0	0	0	0	0	0	0	0	900714	2	1	0	0	0	0
40551	绝招-雷公	3	10	0	1	1	1	7	1	0	0	0	0	0	0	0.633	1	0	0	0	0	0	0	0	0	900714	2	1	0	0	0	0
40561	绝招-牛头人	3	10	0	1	1	1	7	1	0	0	0	0	0	0	0.633	1	0	0	0	0	0	0	0	0	900714	2	1	0	0	0	0
40571	绝招-飞蛇	3	10	0	1	2	2	8	1	0.2	900202	1	1	1	1	1.13	1	900202	1	2	1.5	22	0.05	0	0	900427	2	1	0	0	900025	0
40581	人参娃	3	10	0	1	3	1.66	8	1	0	0	0	0	1	1	0.7	1	0	0	2	0	0	0	900314	0.5	900418	0	1	0	0	0	0
40591	绝招-女恶霸	3	10	0	1	1	1.67	8	1	0.7	900101	0	0	0	0	0.83	1	0	0	0	0	0	0	0	0	900714	2	1	0	0	0	0
40601	绝招-冥尸	3	10	0	1	1	1.8	7	1	0	0	0	0	0	0	0.33	1	0	0	2	0	0	0	900422	0.3	900425	2	1	0	0	900020	0
40611	绝招-长刀女	3	10	0	1	1	2.33	8	1	0	0	0	0	0	0	0.73	1	0	0	2	0	0	0	900315	0.1	900402	2	1	0	0	900020	0
40621	绝招-狗头军师	3	10	0	1	3	3	8	1	0	0	0	0	0	0	0.86	1	0	0	2	0	0	0	900307	0.6	900407	2	1	0	0	900020	0
40631	绝招-守树神妪	3	10	0	1	3	2.5	8	1	0	0	0	0	0	0	1.26	1	0	0	2	0	0	0	900750	0.5	900401	2	1	0	0	900020	0
40641	绝招-黑白无常	3	10	0	1	1	1.8	8	1	0.96	900735	0	0	0	0	0.96	1	0	0	2	0	0	0	0	0	900425	2	1	0	0	900020	0
50001	开山断岩	3	10	0	1	1	3	8	1	0	0	0	0	0	0	1.8	1	0	0	2	0	0	0	900312	0.1	900425	2	1	0	0	900018	0
50011	狂风	3	10	0	1	3	3.5	8	1	0	0	0	0	1	1	1.06	1	0	0	2	0	0	0	900313	0.5	900402	2	1	0	0	900018	0
50021	凄煌罡风	3	10	0	1	1	2	8	1	0	0	0	0	1	1	1.43	1	0	0	2	0	0	0	900316	0.1	900402	2	1	0	0	900018	0
50031	上宝沁金钯	3	10	0	1	1	2	8	1	0	0	0	0	1	1	0.63	1	0	0	2	0	0	0	900315	0.1	900402	2	1	0	0	900018	0
50041	万剑诀	3	10	0	1	3	3.8	8	1	0	0	0	0	1	1	2	1	0	0	2	0	0	0	900335	0.3	900402	2	1	0	0	900018	0
50051	震撼	3	10	0	1	3	2.5	8	1	0	0	0	0	1	1	0.76	1	0	0	2	0	0	0	0	0	900708	0	1	0	0	900018	0
50061	白虹障壁	3	10	0	3	3	3.5	8	1	0	0	0	0	1	1	2.16	1	0	0	2	0	0	0	0	0	0	2	1	0	0	0	0
50071	枯木再生	3	10	0	3	3	3.5	8	1	0	0	0	0	1	1	0.73	1	0	0	2	0	0	0	900314	0.5	900418	0	1	0	0	0	0
50081	风暴重锤	3	10	0	1	1	1.86	8	1	0	0	0	0	1	1	1.33	1	0	0	2	0	0	0	900722	0.1	900401	2	1	0	0	900018	0
50091	幽冥暗夜	3	10	0	1	3	3	8	1	0	0	0	0	1	1	1.23	1	0	0	2	0	0	0	900422	0.5	900714	2	1	0	0	900018	0
50101	九阳烈焰	3	10	0	1	3	4	8	1	0.6	900109	0	0	1	1	1.43	1	0	0	2	0	0	0	900713	0.5	900407	2	1	0	0	900025	0
50111	苍炎涌劲	3	10	0	3	3	1.53	8	1	0	0	0	0	1	1	1	1	0	0	2	0	0	0	0	0	900442	0	1	0	0	0	0
50121	凶虎烈震	3	10	0	1	3	2	12	1	0	0	0	0	1	1	0.4	1	0	0	2	0	0	0	0	0	900402	2	1	0	0	900025	0
50131	五蕴生华	3	10	0	3	3	3.5	8	1	0	0	0	0	1	1	1.06	1	0	0	2	0	0	0	0	0	900513	0	1	0	0	0	0
50141	天极寒气	3	10	0	1	3	2.5	8	1	0	0	0	0	1	1	1.06	1	0	0	2	0	0	0	900301	0.3	900430	2	1	0	0	900018	0
50151	越来峰	3	10	0	1	1	3	8	1	0	0	0	0	1	1	0.96	1	0	0	2	0	0	0	900316	0.1	900402	2	1	0	0	900018	0
50161	三味真火	3	10	0	1	3	3	7	1	0	0	0	0	1	1	0.73	1	0	0	2	0	0	0	900409	0.5	900408	0	1	0	0	900018	0
50171	伏魔乾坤圈	3	10	0	1	3	2.33	8	1	0	0	0	0	1	1	0.7	1	900216	0	2	0	0	0	0	0	0	2	1	0	0	900018	0
50181	雷迎	3	10	0	1	3	2.166	8	1	0	0	0	0	1	1	1.06	1	0	0	2	0	0	0	900332	0.8	900402	2	1	0	0	900018	0
50191	豪气	3	10	0	1	1	2.33	8	1	0	0	0	0	1	1	1.06	1	0	0	2	0	0	0	0	0	900430	2	1	0	0	900018	0
50201	人参娃	3	10	0	1	3	1.66	8	1	0	0	0	0	1	1	0.7	1	0	0	2	0	0	0	900314	0.5	900418	0	1	0	0	0	0
50211	天魔降服	3	10	0	1	3	2.5	7	1	0	0	0	0	1	1	0.7	1	0	0	2	0	0	0	900336	0.2	900407	2	1	0	0	900025	0
50221	漫天星雨	3	10	0	3	3	4.5	8	1	0	900712	0	0	1	4	1.5	1	0	0	2	0	0	0	0	0.5	900519	0	1	0	0	0	0
59001	警惕	0	10	0	1	1	0	7	1	0	0	0	0	1	1	1	1	0	0	2	0	0	0	900316	0.1	900402	2	1	0	0	900018	0
59002	风之使	0	10	0	1	1	0	7	1	0	0	0	0	1	1	1	1	0	0	2	0	0	0	0	0	0	0	0	0	0	0	0
59003	粗质皮肤	0	10	0	1	1	0	7	1	0	0	0	0	1	1	1	1	0	0	2	0	0	0	0	0	0	0	0	0	0	0	0
59004	激进	0	10	0	1	1	0	7	1	0	0	0	0	1	1	1	1	0	0	2	0	0	0	0	0	0	0	0	0	0	0	0
59005	信念	0	10	0	1	1	0	7	1	0	0	0	0	1	1	1	1	0	0	2	0	0	0	0	0	0	0	0	0	0	0	0
59006	岩石身躯	0	10	0	1	1	0	7	1	0	0	0	0	1	1	1	1	0	0	2	0	0	0	0	0	0	0	0	0	0	0	0
59007	水袭	0	10	0	1	1	0	7	1	0	0	0	0	1	1	1	1	0	0	2	0	0	0	0	0	0	0	0	0	0	0	0
59008	快速愈合	0	10	0	1	1	0	7	1	0	0	0	0	1	1	1	1	0	0	2	0	0	0	0	0	0	0	0	0	0	0	0
59009	蛮力	0	10	0	1	1	0	7	1	0	0	0	0	1	1	1	1	0	0	2	0	0	0	0	0	0	0	0	0	0	0	0
59010	吸魂	0	10	0	1	1	0	7	1	0	0	0	0	1	1	1	1	0	0	2	0	0	0	0	0	0	0	0	0	0	0	0
59011	火焰逆袭	0	10	0	1	1	0	7	1	0	0	0	0	1	1	1	1	0	0	2	0	0	0	0	0	0	0	0	0	0	0	0
59012	火焰护甲	0	10	0	1	1	0	7	1	0	0	0	0	1	1	1	1	0	0	2	0	0	0	0	0	0	0	0	0	0	0	0
59013	凶兽	0	10	0	1	1	0	7	1	0	0	0	0	1	1	1	1	0	0	2	0	0	0	0	0	0	0	0	0	0	0	0
59014	灵兽	0	10	0	1	1	0	7	1	0	0	0	0	1	1	1	1	0	0	2	0	0	0	0	0	0	0	0	0	0	0	0
59015	冰洁陷阱	0	10	0	1	1	0	7	1	0	0	0	0	1	1	1	1	0	0	2	0	0	0	0	0	0	0	0	0	0	0	0
59016	仙人	0	10	0	1	1	0	7	1	0	0	0	0	1	1	1	1	0	0	2	0	0	0	0	0	0	0	0	0	0	0	0
59017	魔焰	0	10	0	1	1	0	7	1	0	0	0	0	1	1	1	1	0	0	2	0	0	0	0	0	0	0	0	0	0	0	0
59018	哪吒	0	10	0	1	1	0	7	1	0	0	0	0	1	1	1	1	0	0	2	0	0	0	0	0	0	0	0	0	0	0	0
59019	雷公	0	10	0	1	1	0	7	1	0	0	0	0	1	1	1	1	0	0	2	0	0	0	0	0	0	0	0	0	0	0	0
59020	牛头妖	0	10	0	1	1	0	7	1	0	0	0	0	1	1	1	1	0	0	2	0	0	0	0	0	0	0	0	0	0	0	0
59021	吸精	0	10	0	1	1	0	7	1	0	0	0	0	1	1	1	1	0	0	2	0	0	0	0	0	0	0	0	0	0	0	0
59022	杨戬	0	10	0	1	1	0	7	1	0	0	0	0	1	1	1	1	0	0	2	0	0	0	0	0	0	0	0	0	0	0	0
59023	嫦娥	0	10	0	1	1	0	7	1	0	0	0	0	1	1	1	1	0	0	2	0	0	0	0	0	0	0	0	0	0	0	0
60001	封魔裂斩	4	1	1	1	1	10	8	1	0	0	0	0	1	1	0.96	1	0	0	2	0	0	0	0	0	0	2	1	0	0	900018	300001
61001	神风之刃	4	1	2	2	3	10	8	1	0	0	0	0	1	1	0.96	1	0	0	2	0	0	0	0	0	0	2	1	0	0	900018	400001
62001	青焰天雷	4	1	3	2	3	10	8	1	0	0	0	0	1	1	0.96	1	0	0	2	0	0	0	0	0	0	2	1	0	0	900018	500001
63001	测试治疗	2	1	1	1	3	1.5	9	1	0.5	0	0	0	1	2	0.5	1	0	0	0	1	0	0	0	0	900418	0	1	0	0	0	0
64011	测试复活	3	1	1	4	3	1.5	7	1	0	0	0	0	1	2	0.5	1	0	0	0	1	0	0	0	0	900418	0	1	0	0	0	0
65535	怪物通用加杀气	0	10	0	1	1	0	7	1	0	0	0	0	1	2	0.5	1	0	0	0	0	0	0	0	0	0	0	1	0	0	0	0
