Class	SkillID	SkillLevel	PreID	PreLevel	PosX	PosY	ClassLevel	SkillPoint	FieldID	StarSprite	NotActiveSprite
1	10001	1	0	0	12.7	86.8	1	1	1	1003.11320004	11100166
1	10001	2	0	0	12.7	86.8	1	2	1	1003.11320004	11100166
1	10001	3	0	0	12.7	86.8	1	3	1	1003.11320004	11100166
1	10001	4	0	0	12.7	86.8	1	4	1	1003.11320004	11100166
1	10001	5	0	0	12.7	86.8	1	5	1	1003.11320004	11100166
1	10001	6	0	0	12.7	86.8	1	6	1	1003.11320004	11100166
1	10001	7	0	0	12.7	86.8	1	7	1	1003.11320004	11100166
1	10001	8	0	0	12.7	86.8	1	8	1	1003.11320004	11100166
1	10001	9	0	0	12.7	86.8	1	9	1	1003.11320004	11100166
1	10001	10	0	0	12.7	86.8	1	10	1	1003.11320004	11100166
1	10002	1	10001	1	24.1	55.6	1	1	2	1003.11100003	11100102
1	10002	2	10001	1	24.1	55.6	1	2	2	1003.11100003	11100102
1	10002	3	10001	1	24.1	55.6	1	3	2	1003.11100003	11100102
1	10002	4	10001	1	24.1	55.6	1	4	2	1003.11100003	11100102
1	10002	5	10001	1	24.1	55.6	1	5	2	1003.11100003	11100102
1	10002	6	10001	1	24.1	55.6	1	6	2	1003.11100003	11100102
1	10002	7	10001	1	24.1	55.6	1	7	2	1003.11100003	11100102
1	10002	8	10001	1	24.1	55.6	1	8	2	1003.11100003	11100102
1	10002	9	10001	1	24.1	55.6	1	9	2	1003.11100003	11100102
1	10002	10	10001	1	24.1	55.6	1	10	2	1003.11100003	11100102
1	10003	1	10002	1	56.6	52.9	1	1	3	1003.11100001	11100100
1	10003	2	10002	1	56.6	52.9	1	2	3	1003.11100001	11100100
1	10003	3	10002	1	56.6	52.9	1	3	3	1003.11100001	11100100
1	10003	4	10002	1	56.6	52.9	1	4	3	1003.11100001	11100100
1	10003	5	10002	1	56.6	52.9	1	5	3	1003.11100001	11100100
1	10003	6	10002	1	56.6	52.9	1	6	3	1003.11100001	11100100
1	10003	7	10002	1	56.6	52.9	1	7	3	1003.11100001	11100100
1	10003	8	10002	1	56.6	52.9	1	8	3	1003.11100001	11100100
1	10003	9	10002	1	56.6	52.9	1	9	3	1003.11100001	11100100
1	10003	10	10002	1	56.6	52.9	1	10	3	1003.11100001	11100100
1	10004	1	10003	1	47.9	24.9	1	1	4	1003.11100004	11100103
1	10004	2	10003	1	47.9	24.9	1	2	4	1003.11100004	11100103
1	10004	3	10003	1	47.9	24.9	1	3	4	1003.11100004	11100103
1	10004	4	10003	1	47.9	24.9	1	4	4	1003.11100004	11100103
1	10004	5	10003	1	47.9	24.9	1	5	4	1003.11100004	11100103
1	10004	6	10003	1	47.9	24.9	1	6	4	1003.11100004	11100103
1	10004	7	10003	1	47.9	24.9	1	7	4	1003.11100004	11100103
1	10004	8	10003	1	47.9	24.9	1	8	4	1003.11100004	11100103
1	10004	9	10003	1	47.9	24.9	1	9	4	1003.11100004	11100103
1	10004	10	10003	1	47.9	24.9	1	10	4	1003.11100004	11100103
1	10005	1	10004	1	72.4	21.3	1	1	5	1003.11120015	11100151
1	10005	2	10004	1	72.4	21.3	1	2	5	1003.11120015	11100151
1	10005	3	10004	1	72.4	21.3	1	3	5	1003.11120015	11100151
1	10005	4	10004	1	72.4	21.3	1	4	5	1003.11120015	11100151
1	10005	5	10004	1	72.4	21.3	1	5	5	1003.11120015	11100151
1	10005	6	10004	1	72.4	21.3	1	6	5	1003.11120015	11100151
1	10005	7	10004	1	72.4	21.3	1	7	5	1003.11120015	11100151
1	10005	8	10004	1	72.4	21.3	1	8	5	1003.11120015	11100151
1	10005	9	10004	1	72.4	21.3	1	9	5	1003.11120015	11100151
1	10005	10	10004	1	81.3	46.3	1	10	5	1003.11120015	11100151
1	10006	1	10005	1	81.3	46.3	1	1	6	1003.11100010	11100109
1	10006	2	10005	1	81.3	46.3	1	2	6	1003.11100010	11100109
1	10006	3	10005	1	81.3	46.3	1	3	6	1003.11100010	11100109
1	10006	4	10005	1	81.3	46.3	1	4	6	1003.11100010	11100109
1	10006	5	10005	1	81.3	46.3	1	5	6	1003.11100010	11100109
1	10006	6	10005	1	81.3	46.3	1	6	6	1003.11100010	11100109
1	10006	7	10005	1	81.3	46.3	1	7	6	1003.11100010	11100109
1	10006	8	10005	1	81.3	46.3	1	8	6	1003.11100010	11100109
1	10006	9	10005	1	81.3	46.3	1	9	6	1003.11100010	11100109
1	10006	10	10005	1	81.3	46.3	1	10	6	1003.11100010	11100109
1	10007	1	10006	1	87.9	82.1	1	1	7	1003.11120006	11100145
1	10007	2	10006	1	87.9	82.1	1	2	7	1003.11120006	11100145
1	10007	3	10006	1	87.9	82.1	1	3	7	1003.11120006	11100145
1	10007	4	10006	1	87.9	82.1	1	4	7	1003.11120006	11100145
1	10007	5	10006	1	87.9	82.1	1	5	7	1003.11120006	11100145
1	10007	6	10006	1	87.9	82.1	1	6	7	1003.11120006	11100145
1	10007	7	10006	1	87.9	82.1	1	7	7	1003.11120006	11100145
1	10007	8	10006	1	87.9	82.1	1	8	7	1003.11120006	11100145
1	10007	9	10006	1	87.9	82.1	1	9	7	1003.11120006	11100145
1	10007	10	10006	1	87.9	82.1	1	10	7	1003.11120006	11100145
1	60001	1	0	0	0	100	1	0	0	1003.11120006	11100145
1	11001	1	10001	1	24.9	95.4	1	1	0	1003.11120001	110003
1	11001	2	10001	1	24.9	95.4	1	2	0	1003.11120001	110003
1	11001	3	10001	1	24.9	95.4	1	3	0	1003.11120001	110003
1	11001	4	10001	1	24.9	95.4	1	4	0	1003.11120001	110003
1	11001	5	10001	1	24.9	95.4	1	5	0	1003.11120001	110003
1	11001	6	10001	1	24.9	95.4	1	6	0	1003.11120001	110003
1	11001	7	10001	1	24.9	95.4	1	7	0	1003.11120001	110003
1	11001	8	10001	1	24.9	95.4	1	8	0	1003.11120001	110003
1	11001	9	10001	1	24.9	95.4	1	9	0	1003.11120001	110003
1	11001	10	10001	1	24.9	95.4	1	10	0	1003.11120001	110003
1	11002	1	10001	1	28.6	79.4	1	1	0	1003.11120002	110003
1	11002	2	10001	1	28.6	79.4	1	2	0	1003.11120002	110003
1	11002	3	10001	1	28.6	79.4	1	3	0	1003.11120002	110003
1	11002	4	10001	1	28.6	79.4	1	4	0	1003.11120002	110003
1	11002	5	10001	1	28.6	79.4	1	5	0	1003.11120002	110003
1	11002	6	10001	1	28.6	79.4	1	6	0	1003.11120002	110003
1	11002	7	10001	1	28.6	79.4	1	7	0	1003.11120002	110003
1	11002	8	10001	1	28.6	79.4	1	8	0	1003.11120002	110003
1	11002	9	10001	1	28.6	79.4	1	9	0	1003.11120002	110003
1	11002	10	10001	1	28.6	79.4	1	10	0	1003.11120002	110003
1	11003	1	10002	1	11.7	59.3	1	1	0	1003.11120003	110003
1	11003	2	10002	1	11.7	59.3	1	2	0	1003.11120003	110003
1	11003	3	10002	1	11.7	59.3	1	3	0	1003.11120003	110003
1	11003	4	10002	1	11.7	59.3	1	4	0	1003.11120003	110003
1	11003	5	10002	1	11.7	59.3	1	5	0	1003.11120003	110003
1	11003	6	10002	1	11.7	59.3	1	6	0	1003.11120003	110003
1	11003	7	10002	1	11.7	59.3	1	7	0	1003.11120003	110003
1	11003	8	10002	1	11.7	59.3	1	8	0	1003.11120003	110003
1	11003	9	10002	1	11.7	59.3	1	9	0	1003.11120003	110003
1	11003	10	10002	1	11.7	59.3	1	10	0	1003.11120003	110003
1	11004	1	10002	1	25.7	35.4	1	1	0	1003.11120004	110003
1	11004	2	10002	1	25.7	35.4	1	2	0	1003.11120004	110003
1	11004	3	10002	1	25.7	35.4	1	3	0	1003.11120004	110003
1	11004	4	10002	1	25.7	35.4	1	4	0	1003.11120004	110003
1	11004	5	10002	1	25.7	35.4	1	5	0	1003.11120004	110003
1	11004	6	10002	1	25.7	35.4	1	6	0	1003.11120004	110003
1	11004	7	10002	1	25.7	35.4	1	7	0	1003.11120004	110003
1	11004	8	10002	1	25.7	35.4	1	8	0	1003.11120004	110003
1	11004	9	10002	1	25.7	35.4	1	9	0	1003.11120004	110003
1	11004	10	10002	1	25.7	35.4	1	10	0	1003.11120004	110003
1	11005	1	10003	1	44.8	67	1	1	0	1003.11120005	110003
1	11005	2	10003	1	44.8	67	1	2	0	1003.11120005	110003
1	11005	3	10003	1	44.8	67	1	3	0	1003.11120005	110003
1	11005	4	10003	1	44.8	67	1	4	0	1003.11120005	110003
1	11005	5	10003	1	44.8	67	1	5	0	1003.11120005	110003
1	11005	6	10003	1	44.8	67	1	6	0	1003.11120005	110003
1	11005	7	10003	1	44.8	67	1	7	0	1003.11120005	110003
1	11005	8	10003	1	44.8	67	1	8	0	1003.11120005	110003
1	11005	9	10003	1	44.8	67	1	9	0	1003.11120005	110003
1	11005	10	10003	1	44.8	67	1	10	0	1003.11120005	110003
1	11006	1	10003	1	62.1	75.6	1	1	0	1003.11120006	110003
1	11006	2	10003	1	62.1	75.6	1	2	0	1003.11120006	110003
1	11006	3	10003	1	62.1	75.6	1	3	0	1003.11120006	110003
1	11006	4	10003	1	62.1	75.6	1	4	0	1003.11120006	110003
1	11006	5	10003	1	62.1	75.6	1	5	0	1003.11120006	110003
1	11006	6	10003	1	62.1	75.6	1	6	0	1003.11120006	110003
1	11006	7	10003	1	62.1	75.6	1	7	0	1003.11120006	110003
1	11006	8	10003	1	62.1	75.6	1	8	0	1003.11120006	110003
1	11006	9	10003	1	62.1	75.6	1	9	0	1003.11120006	110003
1	11006	10	10003	1	62.1	75.6	1	10	0	1003.11120006	110003
1	11007	1	10004	1	34.4	18.7	1	1	0	1003.11120007	110003
1	11007	2	10004	1	34.4	18.7	1	2	0	1003.11120007	110003
1	11007	3	10004	1	34.4	18.7	1	3	0	1003.11120007	110003
1	11007	4	10004	1	34.4	18.7	1	4	0	1003.11120007	110003
1	11007	5	10004	1	34.4	18.7	1	5	0	1003.11120007	110003
1	11007	6	10004	1	34.4	18.7	1	6	0	1003.11120007	110003
1	11007	7	10004	1	34.4	18.7	1	7	0	1003.11120007	110003
1	11007	8	10004	1	34.4	18.7	1	8	0	1003.11120007	110003
1	11007	9	10004	1	34.4	18.7	1	9	0	1003.11120007	110003
1	11007	10	10004	1	34.4	18.7	1	10	0	1003.11120007	110003
1	11008	1	10005	1	66.1	37.8	1	1	0	1003.11120001	110003
1	11008	2	10005	1	66.1	37.8	1	2	0	1003.11120001	110003
1	11008	3	10005	1	66.1	37.8	1	3	0	1003.11120001	110003
1	11008	4	10005	1	66.1	37.8	1	4	0	1003.11120001	110003
1	11008	5	10005	1	66.1	37.8	1	5	0	1003.11120001	110003
1	11008	6	10005	1	66.1	37.8	1	6	0	1003.11120001	110003
1	11008	7	10005	1	66.1	37.8	1	7	0	1003.11120001	110003
1	11008	8	10005	1	66.1	37.8	1	8	0	1003.11120001	110003
1	11008	9	10005	1	66.1	37.8	1	9	0	1003.11120001	110003
1	11008	10	10005	1	66.1	37.8	1	10	0	1003.11120001	110003
1	11009	1	10005	1	85	14.8	1	1	0	1003.11120002	110003
1	11009	2	10005	1	85	14.8	1	2	0	1003.11120002	110003
1	11009	3	10005	1	85	14.8	1	3	0	1003.11120002	110003
1	11009	4	10005	1	85	14.8	1	4	0	1003.11120002	110003
1	11009	5	10005	1	85	14.8	1	5	0	1003.11120002	110003
1	11009	6	10005	1	85	14.8	1	6	0	1003.11120002	110003
1	11009	7	10005	1	85	14.8	1	7	0	1003.11120002	110003
1	11009	8	10005	1	85	14.8	1	8	0	1003.11120002	110003
1	11009	9	10005	1	85	14.8	1	9	0	1003.11120002	110003
1	11009	10	10005	1	85	14.8	1	10	0	1003.11120002	110003
1	11010	1	10006	1	92.4	35.7	1	1	0	1003.11120003	110003
1	11010	2	10006	1	92.4	35.7	1	2	0	1003.11120003	110003
1	11010	3	10006	1	92.4	35.7	1	3	0	1003.11120003	110003
1	11010	4	10006	1	92.4	35.7	1	4	0	1003.11120003	110003
1	11010	5	10006	1	92.4	35.7	1	5	0	1003.11120003	110003
1	11010	6	10006	1	92.4	35.7	1	6	0	1003.11120003	110003
1	11010	7	10006	1	92.4	35.7	1	7	0	1003.11120003	110003
1	11010	8	10006	1	92.4	35.7	1	8	0	1003.11120003	110003
1	11010	9	10006	1	92.4	35.7	1	9	0	1003.11120003	110003
1	11010	10	10006	1	92.4	35.7	1	10	0	1003.11120003	110003
1	11011	1	10006	1	92.9	53.4	1	1	0	1003.11120004	110003
1	11011	2	10006	1	92.9	53.4	1	2	0	1003.11120004	110003
1	11011	3	10006	1	92.9	53.4	1	3	0	1003.11120004	110003
1	11011	4	10006	1	92.9	53.4	1	4	0	1003.11120004	110003
1	11011	5	10006	1	92.9	53.4	1	5	0	1003.11120004	110003
1	11011	6	10006	1	92.9	53.4	1	6	0	1003.11120004	110003
1	11011	7	10006	1	92.9	53.4	1	7	0	1003.11120004	110003
1	11011	8	10006	1	92.9	53.4	1	8	0	1003.11120004	110003
1	11011	9	10006	1	92.9	53.4	1	9	0	1003.11120004	110003
1	11011	10	10006	1	92.9	53.4	1	10	0	1003.11120004	110003
1	11012	1	10007	1	74.2	89.7	1	1	0	1003.11120005	110003
1	11012	2	10007	1	74.2	89.7	1	2	0	1003.11120005	110003
1	11012	3	10007	1	74.2	89.7	1	3	0	1003.11120005	110003
1	11012	4	10007	1	74.2	89.7	1	4	0	1003.11120005	110003
1	11012	5	10007	1	74.2	89.7	1	5	0	1003.11120005	110003
1	11012	6	10007	1	74.2	89.7	1	6	0	1003.11120005	110003
1	11012	7	10007	1	74.2	89.7	1	7	0	1003.11120005	110003
1	11012	8	10007	1	74.2	89.7	1	8	0	1003.11120005	110003
1	11012	9	10007	1	74.2	89.7	1	9	0	1003.11120005	110003
1	11012	10	10007	1	74.2	89.7	1	10	0	1003.11120005	110003
3	20001	1	0	0	26.7	80.8	1	1	1	1002.11200002	11100118
3	20001	2	0	0	26.7	80.8	1	2	1	1002.11200002	11100118
3	20001	3	0	0	26.7	80.8	1	3	1	1002.11200002	11100118
3	20001	4	0	0	26.7	80.8	1	4	1	1002.11200002	11100118
3	20001	5	0	0	26.7	80.8	1	5	1	1002.11200002	11100118
3	20001	6	0	0	26.7	80.8	1	6	1	1002.11200002	11100118
3	20001	7	0	0	26.7	80.8	1	7	1	1002.11200002	11100118
3	20001	8	0	0	26.7	80.8	1	8	1	1002.11200002	11100118
3	20001	9	0	0	26.7	80.8	1	9	1	1002.11200002	11100118
3	20001	10	0	0	26.7	80.8	1	10	1	1002.11200002	11100118
3	20002	1	20001	1	29.6	53.4	1	1	2	1002.11200001	11100117
3	20002	2	20001	1	29.6	53.4	1	2	2	1002.11200001	11100117
3	20002	3	20001	1	29.6	53.4	1	3	2	1002.11200001	11100117
3	20002	4	20001	1	29.6	53.4	1	4	2	1002.11200001	11100117
3	20002	5	20001	1	29.6	53.4	1	5	2	1002.11200001	11100117
3	20002	6	20001	1	29.6	53.4	1	6	2	1002.11200001	11100117
3	20002	7	20001	1	29.6	53.4	1	7	2	1002.11200001	11100117
3	20002	8	20001	1	29.6	53.4	1	8	2	1002.11200001	11100117
3	20002	9	20001	1	29.6	53.4	1	9	2	1002.11200001	11100117
3	20002	10	20001	1	29.6	53.4	1	10	2	1002.11200001	11100117
3	20003	1	20002	1	58.5	44.6	1	1	3	1002.11200003	11100119
3	20003	2	20002	1	58.5	44.6	1	2	3	1002.11200003	11100119
3	20003	3	20002	1	58.5	44.6	1	3	3	1002.11200003	11100119
3	20003	4	20002	1	58.5	44.6	1	4	3	1002.11200003	11100119
3	20003	5	20002	1	58.5	44.6	1	5	3	1002.11200003	11100119
3	20003	6	20002	1	58.5	44.6	1	6	3	1002.11200003	11100119
3	20003	7	20002	1	58.5	44.6	1	7	3	1002.11200003	11100119
3	20003	8	20002	1	58.5	44.6	1	8	3	1002.11200003	11100119
3	20003	9	20002	1	58.5	44.6	1	9	3	1002.11200003	11100119
3	20003	10	20002	1	58.5	44.6	1	10	3	1002.11200003	11100119
3	20004	1	20003	1	74.8	19.8	1	1	4	1002.11100009	11100108
3	20004	2	20003	1	74.8	19.8	1	2	4	1002.11100009	11100108
3	20004	3	20003	1	74.8	19.8	1	3	4	1002.11100009	11100108
3	20004	4	20003	1	74.8	19.8	1	4	4	1002.11100009	11100108
3	20004	5	20003	1	74.8	19.8	1	5	4	1002.11100009	11100108
3	20004	6	20003	1	74.8	19.8	1	6	4	1002.11100009	11100108
3	20004	7	20003	1	74.8	19.8	1	7	4	1002.11100009	11100108
3	20004	8	20003	1	74.8	19.8	1	8	4	1002.11100009	11100108
3	20004	9	20003	1	74.8	19.8	1	9	4	1002.11100009	11100108
3	20004	10	20003	1	74.8	19.8	1	10	4	1002.11100009	11100108
3	20005	1	20004	1	91.1	51.7	1	1	5	1002.11120002	11100141
3	20005	2	20004	1	91.1	51.7	1	2	5	1002.11120002	11100141
3	20005	3	20004	1	91.1	51.7	1	3	5	1002.11120002	11100141
3	20005	4	20004	1	91.1	51.7	1	4	5	1002.11120002	11100141
3	20005	5	20004	1	91.1	51.7	1	5	5	1002.11120002	11100141
3	20005	6	20004	1	91.1	51.7	1	6	5	1002.11120002	11100141
3	20005	7	20004	1	91.1	51.7	1	7	5	1002.11120002	11100141
3	20005	8	20004	1	91.1	51.7	1	8	5	1002.11120002	11100141
3	20005	9	20004	1	91.1	51.7	1	9	5	1002.11120002	11100141
3	20005	10	20004	1	91.1	51.7	1	10	5	1002.11120002	11100141
3	20006	1	20005	1	80.2	82	1	1	6	1002.11100008	11100107
3	20006	2	20005	1	80.2	82	1	2	6	1002.11100008	11100107
3	20006	3	20005	1	80.2	82	1	3	6	1002.11100008	11100107
3	20006	4	20005	1	80.2	82	1	4	6	1002.11100008	11100107
3	20006	5	20005	1	80.2	82	1	5	6	1002.11100008	11100107
3	20006	6	20005	1	80.2	82	1	6	6	1002.11100008	11100107
3	20006	7	20005	1	80.2	82	1	7	6	1002.11100008	11100107
3	20006	8	20005	1	80.2	82	1	8	6	1002.11100008	11100107
3	20006	9	20005	1	80.2	82	1	9	6	1002.11100008	11100107
3	20006	10	20005	1	80.2	82	1	10	6	1002.11100008	11100107
3	20007	1	20006	1	62.8	65.2	1	1	7	1002.11200004	11100120
3	20007	2	20006	1	62.8	65.2	1	2	7	1002.11200004	11100120
3	20007	3	20006	1	62.8	65.2	1	3	7	1002.11200004	11100120
3	20007	4	20006	1	62.8	65.2	1	4	7	1002.11200004	11100120
3	20007	5	20006	1	62.8	65.2	1	5	7	1002.11200004	11100120
3	20007	6	20006	1	62.8	65.2	1	6	7	1002.11200004	11100120
3	20007	7	20006	1	62.8	65.2	1	7	7	1002.11200004	11100120
3	20007	8	20006	1	62.8	65.2	1	8	7	1002.11200004	11100120
3	20007	9	20006	1	62.8	65.2	1	9	7	1002.11200004	11100120
3	20007	10	20006	1	62.8	65.2	1	10	7	1002.11200004	11100120
3	61001	1	0	0	0	100	1	0	0	1002.11220005	110003
3	21001	1	20001	1	10.5	80.8	1	1	0	1002.11220001	110003
3	21001	2	20001	1	10.5	80.8	1	2	0	1002.11220001	110003
3	21001	3	20001	1	10.5	80.8	1	3	0	1002.11220001	110003
3	21001	4	20001	1	10.5	80.8	1	4	0	1002.11220001	110003
3	21001	5	20001	1	10.5	80.8	1	5	0	1002.11220001	110003
3	21001	6	20001	1	10.5	80.8	1	6	0	1002.11220001	110003
3	21001	7	20001	1	10.5	80.8	1	7	0	1002.11220001	110003
3	21001	8	20001	1	10.5	80.8	1	8	0	1002.11220001	110003
3	21001	9	20001	1	10.5	80.8	1	9	0	1002.11220001	110003
3	21001	10	20001	1	10.5	80.8	1	10	0	1002.11220001	110003
3	21002	1	20001	1	40.9	90.3	1	1	0	1002.11120002	110003
3	21002	2	20001	1	40.9	90.3	1	2	0	1002.11120002	110003
3	21002	3	20001	1	40.9	90.3	1	3	0	1002.11120002	110003
3	21002	4	20001	1	40.9	90.3	1	4	0	1002.11120002	110003
3	21002	5	20001	1	40.9	90.3	1	5	0	1002.11120002	110003
3	21002	6	20001	1	40.9	90.3	1	6	0	1002.11120002	110003
3	21002	7	20001	1	40.9	90.3	1	7	0	1002.11120002	110003
3	21002	8	20001	1	40.9	90.3	1	8	0	1002.11120002	110003
3	21002	9	20001	1	40.9	90.3	1	9	0	1002.11120002	110003
3	21002	10	20001	1	40.9	90.3	1	10	0	1002.11120002	110003
3	21003	1	20002	1	15.9	58	1	1	0	1002.11220002	110003
3	21003	2	20002	1	15.9	58	1	2	0	1002.11220002	110003
3	21003	3	20002	1	15.9	58	1	3	0	1002.11220002	110003
3	21003	4	20002	1	15.9	58	1	4	0	1002.11220002	110003
3	21003	5	20002	1	15.9	58	1	5	0	1002.11220002	110003
3	21003	6	20002	1	15.9	58	1	6	0	1002.11220002	110003
3	21003	7	20002	1	15.9	58	1	7	0	1002.11220002	110003
3	21003	8	20002	1	15.9	58	1	8	0	1002.11220002	110003
3	21003	9	20002	1	15.9	58	1	9	0	1002.11220002	110003
3	21003	10	20002	1	15.9	58	1	10	0	1002.11220002	110003
3	21004	1	20002	1	30	36	1	1	0	1002.11220003	110003
3	21004	2	20002	1	30	36	1	2	0	1002.11220003	110003
3	21004	3	20002	1	30	36	1	3	0	1002.11220003	110003
3	21004	4	20002	1	30	36	1	4	0	1002.11220003	110003
3	21004	5	20002	1	30	36	1	5	0	1002.11220003	110003
3	21004	6	20002	1	30	36	1	6	0	1002.11220003	110003
3	21004	7	20002	1	30	36	1	7	0	1002.11220003	110003
3	21004	8	20002	1	30	36	1	8	0	1002.11220003	110003
3	21004	9	20002	1	30	36	1	9	0	1002.11220003	110003
3	21004	10	20002	1	30	36	1	10	0	1002.11220003	110003
3	21005	1	20003	1	49.1	33.7	1	1	0	1002.11120005	110003
3	21005	2	20003	1	49.1	33.7	1	2	0	1002.11120005	110003
3	21005	3	20003	1	49.1	33.7	1	3	0	1002.11120005	110003
3	21005	4	20003	1	49.1	33.7	1	4	0	1002.11120005	110003
3	21005	5	20003	1	49.1	33.7	1	5	0	1002.11120005	110003
3	21005	6	20003	1	49.1	33.7	1	6	0	1002.11120005	110003
3	21005	7	20003	1	49.1	33.7	1	7	0	1002.11120005	110003
3	21005	8	20003	1	49.1	33.7	1	8	0	1002.11120005	110003
3	21005	9	20003	1	49.1	33.7	1	9	0	1002.11120005	110003
3	21005	10	20003	1	49.1	33.7	1	10	0	1002.11120005	110003
3	21006	1	20003	1	70.6	48.1	1	1	0	1002.11220004	110003
3	21006	2	20003	1	70.6	48.1	1	2	0	1002.11220004	110003
3	21006	3	20003	1	70.6	48.1	1	3	0	1002.11220004	110003
3	21006	4	20003	1	70.6	48.1	1	4	0	1002.11220004	110003
3	21006	5	20003	1	70.6	48.1	1	5	0	1002.11220004	110003
3	21006	6	20003	1	70.6	48.1	1	6	0	1002.11220004	110003
3	21006	7	20003	1	70.6	48.1	1	7	0	1002.11220004	110003
3	21006	8	20003	1	70.6	48.1	1	8	0	1002.11220004	110003
3	21006	9	20003	1	70.6	48.1	1	9	0	1002.11220004	110003
3	21006	10	20003	1	70.6	48.1	1	10	0	1002.11220004	110003
3	21007	1	20004	1	63.2	14.9	1	1	0	1002.11220005	110003
3	21007	2	20004	1	63.2	14.9	1	2	0	1002.11220005	110003
3	21007	3	20004	1	63.2	14.9	1	3	0	1002.11220005	110003
3	21007	4	20004	1	63.2	14.9	1	4	0	1002.11220005	110003
3	21007	5	20004	1	63.2	14.9	1	5	0	1002.11220005	110003
3	21007	6	20004	1	63.2	14.9	1	6	0	1002.11220005	110003
3	21007	7	20004	1	63.2	14.9	1	7	0	1002.11220005	110003
3	21007	8	20004	1	63.2	14.9	1	8	0	1002.11220005	110003
3	21007	9	20004	1	63.2	14.9	1	9	0	1002.11220005	110003
3	21007	10	20004	1	63.2	14.9	1	10	0	1002.11220005	110003
3	21008	1	20005	1	91.4	31.3	1	1	0	1002.11220002	110003
3	21008	2	20005	1	91.4	31.3	1	2	0	1002.11220002	110003
3	21008	3	20005	1	91.4	31.3	1	3	0	1002.11220002	110003
3	21008	4	20005	1	91.4	31.3	1	4	0	1002.11220002	110003
3	21008	5	20005	1	91.4	31.3	1	5	0	1002.11220002	110003
3	21008	6	20005	1	91.4	31.3	1	6	0	1002.11220002	110003
3	21008	7	20005	1	91.4	31.3	1	7	0	1002.11220002	110003
3	21008	8	20005	1	91.4	31.3	1	8	0	1002.11220002	110003
3	21008	9	20005	1	91.4	31.3	1	9	0	1002.11220002	110003
3	21008	10	20005	1	91.4	31.3	1	10	0	1002.11220002	110003
3	21009	1	20005	1	95	69.9	1	1	0	1002.11220003	110003
3	21009	2	20005	1	95	69.9	1	2	0	1002.11220003	110003
3	21009	3	20005	1	95	69.9	1	3	0	1002.11220003	110003
3	21009	4	20005	1	95	69.9	1	4	0	1002.11220003	110003
3	21009	5	20005	1	95	69.9	1	5	0	1002.11220003	110003
3	21009	6	20005	1	95	69.9	1	6	0	1002.11220003	110003
3	21009	7	20005	1	95	69.9	1	7	0	1002.11220003	110003
3	21009	8	20005	1	95	69.9	1	8	0	1002.11220003	110003
3	21009	9	20005	1	95	69.9	1	9	0	1002.11220003	110003
3	21009	10	20005	1	95	69.9	1	10	0	1002.11220003	110003
3	21010	1	20006	1	90.7	88.5	1	1	0	1002.11120005	110003
3	21010	2	20006	1	90.7	88.5	1	2	0	1002.11120005	110003
3	21010	3	20006	1	90.7	88.5	1	3	0	1002.11120005	110003
3	21010	4	20006	1	90.7	88.5	1	4	0	1002.11120005	110003
3	21010	5	20006	1	90.7	88.5	1	5	0	1002.11120005	110003
3	21010	6	20006	1	90.7	88.5	1	6	0	1002.11120005	110003
3	21010	7	20006	1	90.7	88.5	1	7	0	1002.11120005	110003
3	21010	8	20006	1	90.7	88.5	1	8	0	1002.11120005	110003
3	21010	9	20006	1	90.7	88.5	1	9	0	1002.11120005	110003
3	21010	10	20006	1	90.7	88.5	1	10	0	1002.11120005	110003
3	21011	1	20006	1	68.7	92.4	1	1	0	1002.11220004	110003
3	21011	2	20006	1	68.7	92.4	1	2	0	1002.11220004	110003
3	21011	3	20006	1	68.7	92.4	1	3	0	1002.11220004	110003
3	21011	4	20006	1	68.7	92.4	1	4	0	1002.11220004	110003
3	21011	5	20006	1	68.7	92.4	1	5	0	1002.11220004	110003
3	21011	6	20006	1	68.7	92.4	1	6	0	1002.11220004	110003
3	21011	7	20006	1	68.7	92.4	1	7	0	1002.11220004	110003
3	21011	8	20006	1	68.7	92.4	1	8	0	1002.11220004	110003
3	21011	9	20006	1	68.7	92.4	1	9	0	1002.11220004	110003
3	21011	10	20006	1	68.7	92.4	1	10	0	1002.11220004	110003
3	21012	1	20007	1	52	77.3	1	1	0	1002.11220005	110003
3	21012	2	20007	1	52	77.3	1	2	0	1002.11220005	110003
3	21012	3	20007	1	52	77.3	1	3	0	1002.11220005	110003
3	21012	4	20007	1	52	77.3	1	4	0	1002.11220005	110003
3	21012	5	20007	1	52	77.3	1	5	0	1002.11220005	110003
3	21012	6	20007	1	52	77.3	1	6	0	1002.11220005	110003
3	21012	7	20007	1	52	77.3	1	7	0	1002.11220005	110003
3	21012	8	20007	1	52	77.3	1	8	0	1002.11220005	110003
3	21012	9	20007	1	52	77.3	1	9	0	1002.11220005	110003
3	21012	10	20007	1	52	77.3	1	10	0	1002.11220005	110003
2	30001	1	0	0	15	91.2	1	1	1	1001.11300001	11100126
2	30001	2	0	0	15	91.2	1	2	1	1001.11300001	11100126
2	30001	3	0	0	15	91.2	1	3	1	1001.11300001	11100126
2	30001	4	0	0	15	91.2	1	4	1	1001.11300001	11100126
2	30001	5	0	0	15	91.2	1	5	1	1001.11300001	11100126
2	30001	6	0	0	15	91.2	1	6	1	1001.11300001	11100126
2	30001	7	0	0	15	91.2	1	7	1	1001.11300001	11100126
2	30001	8	0	0	15	91.2	1	8	1	1001.11300001	11100126
2	30001	9	0	0	15	91.2	1	9	1	1001.11300001	11100126
2	30001	10	0	0	15	91.2	1	10	1	1001.11300001	11100126
2	30002	1	30001	1	38.5	70.2	1	1	2	1001.11300004	11100129
2	30002	2	30001	1	38.5	70.2	1	2	2	1001.11300004	11100129
2	30002	3	30001	1	38.5	70.2	1	3	2	1001.11300004	11100129
2	30002	4	30001	1	38.5	70.2	1	4	2	1001.11300004	11100129
2	30002	5	30001	1	38.5	70.2	1	5	2	1001.11300004	11100129
2	30002	6	30001	1	38.5	70.2	1	6	2	1001.11300004	11100129
2	30002	7	30001	1	38.5	70.2	1	7	2	1001.11300004	11100129
2	30002	8	30001	1	38.5	70.2	1	8	2	1001.11300004	11100129
2	30002	9	30001	1	38.5	70.2	1	9	2	1001.11300004	11100129
2	30002	10	30001	1	38.5	70.2	1	10	2	1001.11300004	11100129
2	30003	1	30002	1	22.9	46	1	1	3	1001.11320011	11100173
2	30003	2	30002	1	22.9	46	1	2	3	1001.11320011	11100173
2	30003	3	30002	1	22.9	46	1	3	3	1001.11320011	11100173
2	30003	4	30002	1	22.9	46	1	4	3	1001.11320011	11100173
2	30003	5	30002	1	22.9	46	1	5	3	1001.11320011	11100173
2	30003	6	30002	1	22.9	46	1	6	3	1001.11320011	11100173
2	30003	7	30002	1	22.9	46	1	7	3	1001.11320011	11100173
2	30003	8	30002	1	22.9	46	1	8	3	1001.11320011	11100173
2	30003	9	30002	1	22.9	46	1	9	3	1001.11320011	11100173
2	30003	10	30002	1	22.9	46	1	10	3	1001.11320011	11100173
2	30004	1	30003	1	37.7	24.5	1	1	4	1001.11320007	11100169
2	30004	2	30003	1	37.7	24.5	1	2	4	1001.11320007	11100169
2	30004	3	30003	1	37.7	24.5	1	3	4	1001.11320007	11100169
2	30004	4	30003	1	37.7	24.5	1	4	4	1001.11320007	11100169
2	30004	5	30003	1	37.7	24.5	1	5	4	1001.11320007	11100169
2	30004	6	30003	1	37.7	24.5	1	6	4	1001.11320007	11100169
2	30004	7	30003	1	37.7	24.5	1	7	4	1001.11320007	11100169
2	30004	8	30003	1	37.7	24.5	1	8	4	1001.11320007	11100169
2	30004	9	30003	1	37.7	24.5	1	9	4	1001.11320007	11100169
2	30004	10	30003	1	37.7	24.5	1	10	4	1001.11320007	11100169
2	30005	1	30004	1	56.5	26.6	1	1	5	1001.11100005	11100104
2	30005	2	30004	1	56.5	26.6	1	2	5	1001.11100005	11100104
2	30005	3	30004	1	56.5	26.6	1	3	5	1001.11100005	11100104
2	30005	4	30004	1	56.5	26.6	1	4	5	1001.11100005	11100104
2	30005	5	30004	1	56.5	26.6	1	5	5	1001.11100005	11100104
2	30005	6	30004	1	56.5	26.6	1	6	5	1001.11100005	11100104
2	30005	7	30004	1	56.5	26.6	1	7	5	1001.11100005	11100104
2	30005	8	30004	1	56.5	26.6	1	8	5	1001.11100005	11100104
2	30005	9	30004	1	56.5	26.6	1	9	5	1001.11100005	11100104
2	30005	10	30004	1	56.5	26.6	1	10	5	1001.11100005	11100104
2	30006	1	30005	1	62.2	80	1	1	6	1001.11100006	11100105
2	30006	2	30005	1	62.2	80	1	2	6	1001.11100006	11100105
2	30006	3	30005	1	62.2	80	1	3	6	1001.11100006	11100105
2	30006	4	30005	1	62.2	80	1	4	6	1001.11100006	11100105
2	30006	5	30005	1	62.2	80	1	5	6	1001.11100006	11100105
2	30006	6	30005	1	62.2	80	1	6	6	1001.11100006	11100105
2	30006	7	30005	1	62.2	80	1	7	6	1001.11100006	11100105
2	30006	8	30005	1	62.2	80	1	8	6	1001.11100006	11100105
2	30006	9	30005	1	62.2	80	1	9	6	1001.11100006	11100105
2	30006	10	30005	1	62.2	80	1	10	6	1001.11100006	11100105
2	30007	1	30006	1	89.2	44	1	1	7	1001.11320010	11100172
2	30007	2	30006	1	89.2	44	1	2	7	1001.11320010	11100172
2	30007	3	30006	1	89.2	44	1	3	7	1001.11320010	11100172
2	30007	4	30006	1	89.2	44	1	4	7	1001.11320010	11100172
2	30007	5	30006	1	89.2	44	1	5	7	1001.11320010	11100172
2	30007	6	30006	1	89.2	44	1	6	7	1001.11320010	11100172
2	30007	7	30006	1	89.2	44	1	7	7	1001.11320010	11100172
2	30007	8	30006	1	89.2	44	1	8	7	1001.11320010	11100172
2	30007	9	30006	1	89.2	44	1	9	7	1001.11320010	11100172
2	30007	10	30006	1	89.2	44	1	10	7	1001.11320010	11100172
2	62001	1	0	0	0	100	1	0	0	1001.11320010	11100172
2	31001	1	30001	1	11.5	71.4	1	1	0	1001.11320001	110003
2	31001	2	30001	1	11.5	71.4	1	2	0	1001.11320001	110003
2	31001	3	30001	1	11.5	71.4	1	3	0	1001.11320001	110003
2	31001	4	30001	1	11.5	71.4	1	4	0	1001.11320001	110003
2	31001	5	30001	1	11.5	71.4	1	5	0	1001.11320001	110003
2	31001	6	30001	1	11.5	71.4	1	6	0	1001.11320001	110003
2	31001	7	30001	1	11.5	71.4	1	7	0	1001.11320001	110003
2	31001	8	30001	1	11.5	71.4	1	8	0	1001.11320001	110003
2	31001	9	30001	1	11.5	71.4	1	9	0	1001.11320001	110003
2	31001	10	30001	1	11.5	71.4	1	10	0	1001.11320001	110003
2	31002	1	30001	1	29.9	96.5	1	1	0	1001.11120002	110003
2	31002	2	30001	1	29.9	96.5	1	2	0	1001.11120002	110003
2	31002	3	30001	1	29.9	96.5	1	3	0	1001.11120002	110003
2	31002	4	30001	1	29.9	96.5	1	4	0	1001.11120002	110003
2	31002	5	30001	1	29.9	96.5	1	5	0	1001.11120002	110003
2	31002	6	30001	1	29.9	96.5	1	6	0	1001.11120002	110003
2	31002	7	30001	1	29.9	96.5	1	7	0	1001.11120002	110003
2	31002	8	30001	1	29.9	96.5	1	8	0	1001.11120002	110003
2	31002	9	30001	1	29.9	96.5	1	9	0	1001.11120002	110003
2	31002	10	30001	1	29.9	96.5	1	10	0	1001.11120002	110003
2	31003	1	30002	1	44.3	87.3	1	1	0	1001.11320002	110003
2	31003	2	30002	1	44.3	87.3	1	2	0	1001.11320002	110003
2	31003	3	30002	1	44.3	87.3	1	3	0	1001.11320002	110003
2	31003	4	30002	1	44.3	87.3	1	4	0	1001.11320002	110003
2	31003	5	30002	1	44.3	87.3	1	5	0	1001.11320002	110003
2	31003	6	30002	1	44.3	87.3	1	6	0	1001.11320002	110003
2	31003	7	30002	1	44.3	87.3	1	7	0	1001.11320002	110003
2	31003	8	30002	1	44.3	87.3	1	8	0	1001.11320002	110003
2	31003	9	30002	1	44.3	87.3	1	9	0	1001.11320002	110003
2	31003	10	30002	1	44.3	87.3	1	10	0	1001.11320002	110003
2	31004	1	30002	1	50.3	64.4	1	1	0	1001.11320003	110003
2	31004	2	30002	1	50.3	64.4	1	2	0	1001.11320003	110003
2	31004	3	30002	1	50.3	64.4	1	3	0	1001.11320003	110003
2	31004	4	30002	1	50.3	64.4	1	4	0	1001.11320003	110003
2	31004	5	30002	1	50.3	64.4	1	5	0	1001.11320003	110003
2	31004	6	30002	1	50.3	64.4	1	6	0	1001.11320003	110003
2	31004	7	30002	1	50.3	64.4	1	7	0	1001.11320003	110003
2	31004	8	30002	1	50.3	64.4	1	8	0	1001.11320003	110003
2	31004	9	30002	1	50.3	64.4	1	9	0	1001.11320003	110003
2	31004	10	30002	1	50.3	64.4	1	10	0	1001.11320003	110003
2	31005	1	30003	1	20.4	64.3	1	1	0	1001.11120005	110003
2	31005	2	30003	1	20.4	64.3	1	2	0	1001.11120005	110003
2	31005	3	30003	1	20.4	64.3	1	3	0	1001.11120005	110003
2	31005	4	30003	1	20.4	64.3	1	4	0	1001.11120005	110003
2	31005	5	30003	1	20.4	64.3	1	5	0	1001.11120005	110003
2	31005	6	30003	1	20.4	64.3	1	6	0	1001.11120005	110003
2	31005	7	30003	1	20.4	64.3	1	7	0	1001.11120005	110003
2	31005	8	30003	1	20.4	64.3	1	8	0	1001.11120005	110003
2	31005	9	30003	1	20.4	64.3	1	9	0	1001.11120005	110003
2	31005	10	30003	1	20.4	64.3	1	10	0	1001.11120005	110003
2	31006	1	30003	1	35	46.4	1	1	0	1001.11220002	110003
2	31006	2	30003	1	35	46.4	1	2	0	1001.11220002	110003
2	31006	3	30003	1	35	46.4	1	3	0	1001.11220002	110003
2	31006	4	30003	1	35	46.4	1	4	0	1001.11220002	110003
2	31006	5	30003	1	35	46.4	1	5	0	1001.11220002	110003
2	31006	6	30003	1	35	46.4	1	6	0	1001.11220002	110003
2	31006	7	30003	1	35	46.4	1	7	0	1001.11220002	110003
2	31006	8	30003	1	35	46.4	1	8	0	1001.11220002	110003
2	31006	9	30003	1	35	46.4	1	9	0	1001.11220002	110003
2	31006	10	30003	1	35	46.4	1	10	0	1001.11220002	110003
2	31007	1	30004	1	28.1	14.8	1	1	0	1001.11220005	110003
2	31007	2	30004	1	28.1	14.8	1	2	0	1001.11220005	110003
2	31007	3	30004	1	28.1	14.8	1	3	0	1001.11220005	110003
2	31007	4	30004	1	28.1	14.8	1	4	0	1001.11220005	110003
2	31007	5	30004	1	28.1	14.8	1	5	0	1001.11220005	110003
2	31007	6	30004	1	28.1	14.8	1	6	0	1001.11220005	110003
2	31007	7	30004	1	28.1	14.8	1	7	0	1001.11220005	110003
2	31007	8	30004	1	28.1	14.8	1	8	0	1001.11220005	110003
2	31007	9	30004	1	28.1	14.8	1	9	0	1001.11220005	110003
2	31007	10	30004	1	28.1	14.8	1	10	0	1001.11220005	110003
2	31008	1	30005	1	67.2	15.3	1	1	0	1001.11320001	110003
2	31008	2	30005	1	67.2	15.3	1	2	0	1001.11320001	110003
2	31008	3	30005	1	67.2	15.3	1	3	0	1001.11320001	110003
2	31008	4	30005	1	67.2	15.3	1	4	0	1001.11320001	110003
2	31008	5	30005	1	67.2	15.3	1	5	0	1001.11320001	110003
2	31008	6	30005	1	67.2	15.3	1	6	0	1001.11320001	110003
2	31008	7	30005	1	67.2	15.3	1	7	0	1001.11320001	110003
2	31008	8	30005	1	67.2	15.3	1	8	0	1001.11320001	110003
2	31008	9	30005	1	67.2	15.3	1	9	0	1001.11320001	110003
2	31008	10	30005	1	67.2	15.3	1	10	0	1001.11320001	110003
2	31009	1	30005	1	69.4	35.4	1	1	0	1001.11120002	110003
2	31009	2	30005	1	69.4	35.4	1	2	0	1001.11120002	110003
2	31009	3	30005	1	69.4	35.4	1	3	0	1001.11120002	110003
2	31009	4	30005	1	69.4	35.4	1	4	0	1001.11120002	110003
2	31009	5	30005	1	69.4	35.4	1	5	0	1001.11120002	110003
2	31009	6	30005	1	69.4	35.4	1	6	0	1001.11120002	110003
2	31009	7	30005	1	69.4	35.4	1	7	0	1001.11120002	110003
2	31009	8	30005	1	69.4	35.4	1	8	0	1001.11120002	110003
2	31009	9	30005	1	69.4	35.4	1	9	0	1001.11120002	110003
2	31009	10	30005	1	69.4	35.4	1	10	0	1001.11120002	110003
2	31010	1	30006	1	52.8	98	1	1	0	1001.11320002	110003
2	31010	2	30006	1	52.8	98	1	2	0	1001.11320002	110003
2	31010	3	30006	1	52.8	98	1	3	0	1001.11320002	110003
2	31010	4	30006	1	52.8	98	1	4	0	1001.11320002	110003
2	31010	5	30006	1	52.8	98	1	5	0	1001.11320002	110003
2	31010	6	30006	1	52.8	98	1	6	0	1001.11320002	110003
2	31010	7	30006	1	52.8	98	1	7	0	1001.11320002	110003
2	31010	8	30006	1	52.8	98	1	8	0	1001.11320002	110003
2	31010	9	30006	1	52.8	98	1	9	0	1001.11320002	110003
2	31010	10	30006	1	52.8	98	1	10	0	1001.11320002	110003
2	31011	1	30006	1	71.3	91.8	1	1	0	1001.11320003	110003
2	31011	2	30006	1	71.3	91.8	1	2	0	1001.11320003	110003
2	31011	3	30006	1	71.3	91.8	1	3	0	1001.11320003	110003
2	31011	4	30006	1	71.3	91.8	1	4	0	1001.11320003	110003
2	31011	5	30006	1	71.3	91.8	1	5	0	1001.11320003	110003
2	31011	6	30006	1	71.3	91.8	1	6	0	1001.11320003	110003
2	31011	7	30006	1	71.3	91.8	1	7	0	1001.11320003	110003
2	31011	8	30006	1	71.3	91.8	1	8	0	1001.11320003	110003
2	31011	9	30006	1	71.3	91.8	1	9	0	1001.11320003	110003
2	31011	10	30006	1	71.3	91.8	1	10	0	1001.11320003	110003
2	31012	1	30007	1	89.5	64.2	1	1	0	1001.11120005	110003
2	31012	2	30007	1	89.5	64.2	1	2	0	1001.11120005	110003
2	31012	3	30007	1	89.5	64.2	1	3	0	1001.11120005	110003
2	31012	4	30007	1	89.5	64.2	1	4	0	1001.11120005	110003
2	31012	5	30007	1	89.5	64.2	1	5	0	1001.11120005	110003
2	31012	6	30007	1	89.5	64.2	1	6	0	1001.11120005	110003
2	31012	7	30007	1	89.5	64.2	1	7	0	1001.11120005	110003
2	31012	8	30007	1	89.5	64.2	1	8	0	1001.11120005	110003
2	31012	9	30007	1	89.5	64.2	1	9	0	1001.11120005	110003
2	31012	10	30007	1	89.5	64.2	1	10	0	1001.11120005	110003
