Index	Name	Title	ModelId	Sex	Race	Level	MaxHp	Radius	Dist	Zoom	PicId	Function	Talk_4_0	Talk_4_1	Talk_4_2	Talk_4_3	Color	MoveType	MoveSpeed	Height	CamPos	headIcon
1	李大锤	0	74009	2	0	1	100	1	1.5	100	0	8	    我的手艺可是方圆十里地最好的。	    我原本是个逍遥自在的猎户，直到我的膝盖中了一箭。	    最近生意好，生铁又快不够了。	    希望有生之年能亲手打造一把绝世神兵！	0	1	4	0	0;1.4;1.7;	11000694
52	游方老道	0	74018	2	0	1	100	1	1.5	100	0	0	    万物皆有各自造化！	    这位朋友，有新手铁劵么？	    既然你我有缘，我就破例为你算上一卦。	    知阴阳晓五行演星天大卦，\n    观天象察日月断天地玄机。	0	1	4	0	0;1.4;1.7;	0
2	土地公	0	74016	2	0	1	100	1	1.5	100	0	0	    保护一方水土，是我的职责。	    没有天帝的谕旨，土地是不能随便离开各自的管辖地的。	    每一个地方都有自己的土地。	    小仙可是修行了千年才得道成仙。	0	1	4	0	0;1.4;1.7;	0
3	刘氏	0	74014	1	0	1	100	1	1.5	100	0	0	    我的相公已经出门好几天了。	    多怀念小时候的南风村，爹娘大家都在，没有兽乱，没有天灾。	    真想出村去看看外面的世界。	    我一个妇道人家，如何能撑起这个家啊。	0	1	4	0	0;1.4;1.7;	0
4	李大锤	0	74009	2	0	1	100	1	1.5	100	0	8	    我的手艺可是方圆十里地最好的。	    我原本是个逍遥自在的猎户，直到我的膝盖中了一箭。	    最近生意好，生铁又快不够了。	    希望有生之年能亲手打造一把绝世神兵！	0	1	4	0	0;1.4;1.6;	11000694
5	游方老道	0	74018	2	0	1	100	1	1.5	100	0	8	    万物皆有各自造化！	    这位居士，看你印堂发黑，这几日定是有血光之灾。	    既然你我有缘，我就破例为你算上一卦。	    知阴阳晓五行演星天大卦，\n    观天象察日月断天地玄机。	0	1	4	0	0;1.4;1.6;	0
6	李存义	镖师	74005	2	0	1	100	1	1.5	100	0	0	    我们镖局的实力是众所闻之的，就算我们拼死我们也会先保证货的安全，	    我的镖队按时间应该早已经到了才对，不会出了什么事吧。	    走南闯北了这么多年，有点疲惫了。	    镖师可不是谁都能当的，不仅要武功好，还要心细，能吃苦	0	1	4	0	0;1.4;1.6;	0
7	小阿福	采药童	74007	2	0	1	100	1	1.5	100	0	0	    别看我小，这附近的山我都跑遍了。	    旺财，旺财，旺财你去哪！	    我姐姐可漂亮了！	    我要去山上采药去了。	0	1	4	0	0;1.4;1.6;	0
8	李大锤	0	74009	2	0	1	100	1	1.5	100	0	8	    我的手艺可是方圆十里地最好的。	    我原本是个逍遥自在的猎户，直到我的膝盖中了一箭。	    最近生意好，生铁又快不够了。	    希望有生之年能亲手打造一把绝世神兵！	0	1	4	0	0;1.4;1.6;	11000694
9	游方老道	0	74018	2	0	1	100	1	1.5	100	0	0	    背包太小，东西装不下，就来找我吧。	    我这里有无限大的空间，当然需要你花费点小钱。	    东西放我这你放心。	    为大家保管物品我可是很有压力的。	0	1	4	0	0;1.4;1.6;	0
10	阿牛	0	74001	2	0	1	100	1	1.5	100	0	8	    只有你想不到的，没有我弄不来的物品。	    来来来，随便看，随意挑。	    我的东西可是货真价实，童叟无欺。	    我这都是各地的特产，你本地见不着的。	0	1	4	0	0;1.4;1.6;	11000689
11	玄坤子	掌门	74010	2	0	1	100	1	1.5	100	0	0	    作为一门之掌，更要严于律己，宽与待人。	    修炼在于静心，无欲则刚。	    太极生两仪，两仪生四象。	    月来峰的灵气越来越少了，甚是担忧。	0	1	4	0	0;1.4;1.6;	0
12	玄明子	0	74011	2	0	1	100	1	1.5	100	0	0	    黑沼非常非常危险，修为不够的人最好不要贸然进入。	    掌事其实就是管家。	    我的修为和掌门相比还是相差甚远啊。	    月来峰藏风聚气，是个修炼的灵山宝地。	0	1	4	0	0;1.4;1.6;	0
13	李大锤	0	74009	2	0	1	100	1	1.5	100	0	8	    我的手艺可是方圆十里地最好的。	    我原本是个逍遥自在的猎户，直到我的膝盖中了一箭。	    最近生意好，生铁又快不够了。	    希望有生之年能亲手打造一把绝世神兵！	0	1	4	0	0;1.4;1.6;	11000694
14	游方老道	0	74018	2	0	1	100	1	1.5	100	0	8	    万物皆有各自造化！	    又见面了，看来咱俩真的有缘分了，不如让老道我给你瞧个骨摸个相如何。	    既然你我有缘，我就破例为你算上一卦。	    知阴阳晓五行演星天大卦，\n    观天象察日月断天地玄机。	0	1	4	0	0;1.4;1.6;	0
15	阿牛	0	74001	2	0	1	100	1	1.5	100	0	8	    只有你想不到的，没有我弄不来的物品。	    来来来，随便看，随意挑。	    我的东西可是货真价实，童叟无欺。	    我这都是各地的特产，你本地见不着的。	0	1	4	0	0;1.4;1.6;	11000689
16	钱不多	大掌柜	74002	2	0	1	100	1	1.5	100	0	2	    客官您尽管放心把宝贝存我这柜上。	    东西要是卖掉了，我们只拿一点点的抽头，也就挣个辛苦钱。	    客官您又说笑了，我这开的可不是当铺。	    开门迎八方客，笑脸敬四海宾。	0	1	4	0	0;1.4;1.6;	11000692
17	姬太师	0	74008	2	0	1	100	1	1.5	100	0	0	    天将大乱也。	    连天子脚下都如此动荡，是臣子之无能也。	    天牢听说被妖族入侵，可恶之极。	    本官之志在于天下为天下苍生谋福祉。	0	1	4	0	0;1.4;1.6;	11000687
18	殷风	典狱官	74006	2	0	1	100	1	1.5	100	0	0	    大牢失守，末将真是羞愧难耐。	    应天大牢关押的都是穷凶极恶之徒。	    应天大牢全是寒铁所铸，要想从外攻进去简直犹如登天。	    大牢肯定混进了内奸。	0	1	4	0	0;1.4;1.6;	0
19	逍遥子	散仙	74017	2	0	1	100	1	1.5	100	0	0	    一花一世界，一树一菩提。	    踏浪而来，乘风而去，这就是我。	    踏浪而来，乘风而去，这就是我。	    何必想探究我的存在。	0	1	4	0	0;1.4;1.6;	0
20	周方冠	游方道士	74018	2	0	1	100	1	1.5	100	0	0	    等贫道了却此地之事，便要云游天地之间，做一介逍遥散仙。	    别问我从哪里来，要到哪里去。	    游走四方，看尽尘事，但还是跳不出纷纷绕绕。	    世人皆醉，我独醒。	0	1	4	0	0;1.4;1.6;	0
21	李大锤	0	74009	2	0	1	100	1	1.5	100	0	8	    我的手艺可是方圆十里地最好的。	    我原本是个逍遥自在的猎户，直到我的膝盖中了一箭。	    最近生意好，生铁又快不够了。	    希望有生之年能亲手打造一把绝世神兵！	0	1	4	0	0;1.4;1.6;	11000694
23	阿牛	0	74001	2	0	1	100	1	1.5	100	0	8	    只有你想不到的，没有我弄不来的物品。	    来来来，随便看，随意挑。	    我的东西可是货真价实，童叟无欺。	    我这都是各地的特产，你本地见不着的。	0	1	4	0	0;1.4;1.6;	11000689
24	土地公	0	74016	2	0	1	100	1	1.5	100	0	0	    千雷阵的雷可是天雷，是蕴含神力的	    千雷阵的雷可是天雷，是蕴含神力的	    拯救天雷镇只能看村民的造化了。	    天雷镇很久未打雷了，这很反常。	0	1	4	0	0;1.4;1.6;	0
25	胡一鸣	义妖	74012	2	0	1	100	1	1.5	100	0	0	    妖也不尽是坏人。	    人是人他妈生的，妖是妖他妈生的。	    身为一个妖，我也很无奈。	    你妈贵姓？	0	1	4	0	0;1.4;1.6;	0
26	李大锤	0	74009	2	0	1	100	1	1.5	100	0	8	    我的手艺可是方圆十里地最好的。	    我原本是个逍遥自在的猎户，直到我的膝盖中了一箭，	    真怀念以前当猎手的日子！	    希望有生之年能亲手打造一把绝世神兵！	0	1	4	0	0;1.4;1.6;	11000694
28	阿牛	0	74001	2	0	1	100	1	1.5	100	0	8	    只有你想不到的，没有我弄不来的物品。	    来来来，随便看，随意挑。	    我的东西可是货真价实，童叟无欺。	    我这都是各地的特产，你本地见不着的。	0	1	4	0	0;1.4;1.6;	11000689
29	巫曦	圣女	74001	1	0	1	100	1	1.5	100	0	0	    万物皆有各自造化！	    有新手劵么？	    一切随缘就好！	    万物皆有各自造化！	0	1	4	0	0;1.4;1.6;	11000690
30	阿牛	守塔神将	74001	2	0	1	100	1	1.5	100	0	0	    万物皆有各自造化！	    有新手劵么？	    一切随缘就好！	    万物皆有各自造化！	0	1	4	0	0;1.4;1.6;	11000689
31	人参娃	0	73239	2	0	1	100	1	1.5	100	0	32	0	0	0	0	0	1	4	0	0;1.4;1.6;	0
32	人参娃	0	73239	2	0	1	100	1	1.5	100	0	32	0	0	0	0	0	1	4	0	0;1.4;1.7;	0
33	人参娃	0	73239	2	0	1	100	1	1.5	100	0	32	0	0	0	0	0	1	4	0	0;1.4;1.8;	0
34	人参娃	0	73239	2	0	1	100	1	1.5	100	0	32	0	0	0	0	0	1	4	0	0;1.4;1.9;	0
35	人参娃	0	73239	2	0	1	100	1	1.5	100	0	32	0	0	0	0	0	1	4	0	0;1.4;1.10;	0
36	人参娃	0	73239	2	0	1	100	1	1.5	100	0	32	0	0	0	0	0	1	4	0	0;1.4;1.11;	0
37	人参娃	0	73239	2	0	1	100	1	1.5	100	0	32	0	0	0	0	0	1	4	0	0;1.4;1.12;	0
38	人参娃	0	73239	2	0	1	100	1	1.5	100	0	32	0	0	0	0	0	1	4	0	0;1.4;1.13;	0
39	人参娃	0	73239	2	0	1	100	1	1.5	100	0	32	0	0	0	0	0	1	4	0	0;1.4;1.14;	0
40	人参娃	0	73239	2	0	1	100	1	1.5	100	0	32	0	0	0	0	0	1	4	0	0;1.4;1.15;	0
41	哪吒	0	73223	2	0	1	100	1	1.5	100	0	4	0	0	0	0	0	1	4	0	0;1.4;1.16;	0
42	哪吒	1	73223	2	0	1	100	1	1.5	100	0	4	0	0	0	0	0	1	4	0	0;1.4;1.17;	0
43	哪吒	2	73223	2	0	1	100	1	1.5	100	0	4	0	0	0	0	0	1	4	0	0;1.4;1.18;	0
44	哪吒	3	73223	2	0	1	100	1	1.5	100	0	4	0	0	0	0	0	1	4	0	0;1.4;1.19;	0
45	哪吒	4	73223	2	0	1	100	1	1.5	100	0	4	0	0	0	0	0	1	4	0	0;1.4;1.20;	0
46	哪吒	5	73223	2	0	1	100	1	1.5	100	0	4	0	0	0	0	0	1	4	0	0;1.4;1.21;	0
47	哪吒	6	73223	2	0	1	100	1	1.5	100	0	4	0	0	0	0	0	1	4	0	0;1.4;1.22;	0
48	哪吒	7	73223	2	0	1	100	1	1.5	100	0	4	0	0	0	0	0	1	4	0	0;1.4;1.23;	0
49	哪吒	8	73223	2	0	1	100	1	1.5	100	0	4	0	0	0	0	0	1	4	0	0;1.4;1.24;	0
